"Level";"Country";"State";"County";"Place";"Longitude";"Latitude";"ZoomLevel";"Icon"
1;NLD;Drenthe;;;;;7;places/NLD/flags/DR.gif
2;NLD;Drenthe;Aa en Hunze;;;;10;
3;NLD;Drenthe;Aa en Hunze;Achter 't Hout;;;12;
3;NLD;Drenthe;Aa en Hunze;Amen;;;12;
3;NLD;Drenthe;Aa en Hunze;Anderen;;;12;
3;NLD;Drenthe;Aa en Hunze;Anloo;;;12;
3;NLD;Drenthe;Aa en Hunze;Annen;;;12;
3;NLD;Drenthe;Aa en Hunze;Annerveen;;;12;
3;NLD;Drenthe;Aa en Hunze;Annerveensche Kanaal;;;12;
3;NLD;Drenthe;Aa en Hunze;Balloërveld;;;12;
3;NLD;Drenthe;Aa en Hunze;Balloo;;;12;
3;NLD;Drenthe;Aa en Hunze;Bareveld;;;12;
3;NLD;Drenthe;Aa en Hunze;Bonnen;;;12;
3;NLD;Drenthe;Aa en Hunze;Bonnerveen;;;12;
3;NLD;Drenthe;Aa en Hunze;Bosje;;;12;
3;NLD;Drenthe;Aa en Hunze;De Hilte;;;12;
3;NLD;Drenthe;Aa en Hunze;Deurze;;;12;
3;NLD;Drenthe;Aa en Hunze;Eext;;;12;
3;NLD;Drenthe;Aa en Hunze;Eexterveen;;;12;
3;NLD;Drenthe;Aa en Hunze;Eexterveensche Kanaal;;;12;
3;NLD;Drenthe;Aa en Hunze;Eexterzandvoort;;;12;
3;NLD;Drenthe;Aa en Hunze;Ekehaar;;;12;
3;NLD;Drenthe;Aa en Hunze;Eldersloo;;;12;
3;NLD;Drenthe;Aa en Hunze;Eleveld;;;12;
3;NLD;Drenthe;Aa en Hunze;Gasselte;;;12;
3;NLD;Drenthe;Aa en Hunze;Gasselterboerveen;;;12;
3;NLD;Drenthe;Aa en Hunze;Gasselterboerveenschemond;;;12;
3;NLD;Drenthe;Aa en Hunze;Gasselternijveen;E6.84747851323617;N52.9864321657083;12;
3;NLD;Drenthe;Aa en Hunze;Gasselternijveenschemond;;;12;
3;NLD;Drenthe;Aa en Hunze;Gasselternijveenschemond 1e Dwarsdiep;;;12;
3;NLD;Drenthe;Aa en Hunze;Gasselternijveenschemond 2e Dwarsdiep;;;12;
3;NLD;Drenthe;Aa en Hunze;Gasteren;;;12;
3;NLD;Drenthe;Aa en Hunze;Geelbroek;;;12;
3;NLD;Drenthe;Aa en Hunze;Gieten;E6.76371136570784;N53.0060416388154;12;
3;NLD;Drenthe;Aa en Hunze;Gieterveen;;;12;
3;NLD;Drenthe;Aa en Hunze;Gieterzandvoort;;;12;
3;NLD;Drenthe;Aa en Hunze;Grolloo;;;12;
3;NLD;Drenthe;Aa en Hunze;Kostvlies;;;12;
3;NLD;Drenthe;Aa en Hunze;Marwijksoord;;;12;
3;NLD;Drenthe;Aa en Hunze;Nieuw-Annerveen;;;12;
3;NLD;Drenthe;Aa en Hunze;Nieuwediep;;;12;
3;NLD;Drenthe;Aa en Hunze;Nijlande;;;12;
3;NLD;Drenthe;Aa en Hunze;Nooitgedacht;;;12;
3;NLD;Drenthe;Aa en Hunze;Oud-Annerveen;;;12;
3;NLD;Drenthe;Aa en Hunze;Papenvoort;;;12;
3;NLD;Drenthe;Aa en Hunze;Rolde;;;12;
3;NLD;Drenthe;Aa en Hunze;Schipborg;;;12;
3;NLD;Drenthe;Aa en Hunze;Schoonlo;;;12;
3;NLD;Drenthe;Aa en Hunze;Schoonloo;;;12;
3;NLD;Drenthe;Aa en Hunze;Schreierswijk;;;12;
3;NLD;Drenthe;Aa en Hunze;Spijkerboor;;;12;
3;NLD;Drenthe;Aa en Hunze;Streek;;;12;
3;NLD;Drenthe;Aa en Hunze;Torenveen;;;12;
3;NLD;Drenthe;Aa en Hunze;Veenhof;;;12;
3;NLD;Drenthe;Aa en Hunze;Vredenheim;;;12;
2;NLD;Drenthe;Assen;;;;10;
3;NLD;Drenthe;Assen;Anreep;;;12;
3;NLD;Drenthe;Assen;Assen;E6.55949297839269;N52.9940888077679;12;
3;NLD;Drenthe;Assen;De Haar;;;12;
3;NLD;Drenthe;Assen;Graswijk;;;12;
3;NLD;Drenthe;Assen;Kloosterveen;;;12;
3;NLD;Drenthe;Assen;Loon;;;12;
3;NLD;Drenthe;Assen;Peelo;;;12;
3;NLD;Drenthe;Assen;Rhee;;;12;
3;NLD;Drenthe;Assen;Schieven;;;12;
3;NLD;Drenthe;Assen;Ter Aard;;;12;
3;NLD;Drenthe;Assen;Ubbena;;;12;
3;NLD;Drenthe;Assen;Witten;;;12;
3;NLD;Drenthe;Assen;Zeijerveen;;;12;
3;NLD;Drenthe;Assen;Zeijerveld;;;12;
2;NLD;Drenthe;Borger-Odoorn;;;;10;
3;NLD;Drenthe;Borger-Odoorn;Borger;E6.79386793155392;N52.9241647461399;12;
3;NLD;Drenthe;Borger-Odoorn;Bronneger;;;12;
3;NLD;Drenthe;Borger-Odoorn;Bronnegerveen;;;12;
3;NLD;Drenthe;Borger-Odoorn;Buinen;;;12;
3;NLD;Drenthe;Borger-Odoorn;Buinerveen;;;12;
3;NLD;Drenthe;Borger-Odoorn;Drouwen;;;12;
3;NLD;Drenthe;Borger-Odoorn;Drouwenermond;;;12;
3;NLD;Drenthe;Borger-Odoorn;Drouwenerveen;;;12;
3;NLD;Drenthe;Borger-Odoorn;Eerste Exloermond;;;12;
3;NLD;Drenthe;Borger-Odoorn;Eerste Valthermond;;;12;
3;NLD;Drenthe;Borger-Odoorn;Ees;;;12;
3;NLD;Drenthe;Borger-Odoorn;Eesergroen;;;12;
3;NLD;Drenthe;Borger-Odoorn;Eeserveen;;;12;
3;NLD;Drenthe;Borger-Odoorn;Ellertshaar;;;12;
3;NLD;Drenthe;Borger-Odoorn;Exloërveen;;;12;
3;NLD;Drenthe;Borger-Odoorn;Exloo;;;12;
3;NLD;Drenthe;Borger-Odoorn;Klijndijk;;;12;
3;NLD;Drenthe;Borger-Odoorn;Nieuw-Buinen;;;12;
3;NLD;Drenthe;Borger-Odoorn;Odoorn;;;12;
3;NLD;Drenthe;Borger-Odoorn;Odoornerveen;;;12;
3;NLD;Drenthe;Borger-Odoorn;Tweede Exloërmond;;;12;
3;NLD;Drenthe;Borger-Odoorn;Tweede Valthermond;;;12;
3;NLD;Drenthe;Borger-Odoorn;Valthe;;;12;
3;NLD;Drenthe;Borger-Odoorn;Valthermond;;;12;
3;NLD;Drenthe;Borger-Odoorn;Westdorp;;;12;
3;NLD;Drenthe;Borger-Odoorn;Zandberg;;;12;
2;NLD;Drenthe;Coevorden;;;;10;
3;NLD;Drenthe;Coevorden;'t Haantje;;;12;
3;NLD;Drenthe;Coevorden;Aalden;;;12;
3;NLD;Drenthe;Coevorden;Achterste Erm;;;12;
3;NLD;Drenthe;Coevorden;Ballast;;;12;
3;NLD;Drenthe;Coevorden;Benneveld;;;12;
3;NLD;Drenthe;Coevorden;Bovensteenwijksmoer;;;12;
3;NLD;Drenthe;Coevorden;Coevorden;;;12;
3;NLD;Drenthe;Coevorden;Dalen;;;12;
3;NLD;Drenthe;Coevorden;Dalerend;;;12;
3;NLD;Drenthe;Coevorden;Dalerpeel;;;12;
3;NLD;Drenthe;Coevorden;Dalerveen;;;12;
3;NLD;Drenthe;Coevorden;De Bente;;;12;
3;NLD;Drenthe;Coevorden;De Haar;;;12;
3;NLD;Drenthe;Coevorden;De Kiel;;;12;
3;NLD;Drenthe;Coevorden;De Klencke;;;12;
3;NLD;Drenthe;Coevorden;De Mars;;;12;
3;NLD;Drenthe;Coevorden;Den Hool;;;12;
3;NLD;Drenthe;Coevorden;Diphoorn;;;12;
3;NLD;Drenthe;Coevorden;Eldijk;;;12;
3;NLD;Drenthe;Coevorden;Erm;;;12;
3;NLD;Drenthe;Coevorden;Ermerveen;;;12;
3;NLD;Drenthe;Coevorden;Gees;;;12;
3;NLD;Drenthe;Coevorden;Geesbrug;;;12;
3;NLD;Drenthe;Coevorden;Grevenberg;;;12;
3;NLD;Drenthe;Coevorden;Holsloot;;;12;
3;NLD;Drenthe;Coevorden;Hoogehaar;;;12;
3;NLD;Drenthe;Coevorden;Kibbelveen;;;12;
3;NLD;Drenthe;Coevorden;Klooster;;;12;
3;NLD;Drenthe;Coevorden;Meppen;;;12;
3;NLD;Drenthe;Coevorden;Nieuw Zwinderen;;;12;
3;NLD;Drenthe;Coevorden;Nieuwe Krim;;;12;
3;NLD;Drenthe;Coevorden;Nieuwlande;;;12;
3;NLD;Drenthe;Coevorden;Noord-Sleen;;;12;
3;NLD;Drenthe;Coevorden;Oosterhesselen;;;12;
3;NLD;Drenthe;Coevorden;Padhuis;;;12;
3;NLD;Drenthe;Coevorden;Pikveld;;;12;
3;NLD;Drenthe;Coevorden;Schimmelarij;;;12;
3;NLD;Drenthe;Coevorden;Schoonoord;;;12;
3;NLD;Drenthe;Coevorden;Sleen;;;12;
3;NLD;Drenthe;Coevorden;Steenwijksmoer;;;12;
3;NLD;Drenthe;Coevorden;Stieltjeskanaal;;;12;
3;NLD;Drenthe;Coevorden;Valsteeg;;;12;
3;NLD;Drenthe;Coevorden;Veenhuizen;;;12;
3;NLD;Drenthe;Coevorden;Vlieghuis;;;12;
3;NLD;Drenthe;Coevorden;Vossebelt;;;12;
3;NLD;Drenthe;Coevorden;Wachtum;;;12;
3;NLD;Drenthe;Coevorden;Weijerswold;;;12;
3;NLD;Drenthe;Coevorden;Wezup;;;12;
3;NLD;Drenthe;Coevorden;Wezuperbrug;;;12;
3;NLD;Drenthe;Coevorden;Zweeloo;;;12;
3;NLD;Drenthe;Coevorden;Zwinderen;;;12;
2;NLD;Drenthe;De Wolden;;;;10;
3;NLD;Drenthe;De Wolden;Alteveer;;;12;
3;NLD;Drenthe;De Wolden;Anholt;;;12;
3;NLD;Drenthe;De Wolden;Ansen;;;12;
3;NLD;Drenthe;De Wolden;Armweide;;;12;
3;NLD;Drenthe;De Wolden;Baltinge;;;12;
3;NLD;Drenthe;De Wolden;Bazuin;;;12;
3;NLD;Drenthe;De Wolden;Bendersche;;;12;
3;NLD;Drenthe;De Wolden;Berghuizen;;;12;
3;NLD;Drenthe;De Wolden;Blijdenstein;;;12;
3;NLD;Drenthe;De Wolden;Bloemberg;;;12;
3;NLD;Drenthe;De Wolden;Braamberg;;;12;
3;NLD;Drenthe;De Wolden;Broekhuizen;;;12;
3;NLD;Drenthe;De Wolden;Buitenhuizen;;;12;
3;NLD;Drenthe;De Wolden;De Oude Tol;;;12;
3;NLD;Drenthe;De Wolden;De Stapel;;;12;
3;NLD;Drenthe;De Wolden;De Stuw;;;12;
3;NLD;Drenthe;De Wolden;De Tippe;;;12;
3;NLD;Drenthe;De Wolden;De Wijk;;;12;
3;NLD;Drenthe;De Wolden;Dijkhuizen;;;12;
3;NLD;Drenthe;De Wolden;Dikninge;;;12;
3;NLD;Drenthe;De Wolden;Drogt;;;12;
3;NLD;Drenthe;De Wolden;Drogteropslagen;;;12;
3;NLD;Drenthe;De Wolden;Dunnigen;;;12;
3;NLD;Drenthe;De Wolden;Echten;;;12;
3;NLD;Drenthe;De Wolden;Eemten;;;12;
3;NLD;Drenthe;De Wolden;Engeland;;;12;
3;NLD;Drenthe;De Wolden;Eursinge;;;12;
3;NLD;Drenthe;De Wolden;Fort;;;12;
3;NLD;Drenthe;De Wolden;Gijsselte;;;12;
3;NLD;Drenthe;De Wolden;Haakswold;;;12;
3;NLD;Drenthe;De Wolden;Haalweide;;;12;
3;NLD;Drenthe;De Wolden;Hees;;;12;
3;NLD;Drenthe;De Wolden;Hoge Linthorst;;;12;
3;NLD;Drenthe;De Wolden;Kerkenveld;;;12;
3;NLD;Drenthe;De Wolden;Koekange;;;12;
3;NLD;Drenthe;De Wolden;Koekangerveld;;;12;
3;NLD;Drenthe;De Wolden;Kraloo;;;12;
3;NLD;Drenthe;De Wolden;Leeuwte;;;12;
3;NLD;Drenthe;De Wolden;Linde;;;12;
3;NLD;Drenthe;De Wolden;Lubbinge;;;12;
3;NLD;Drenthe;De Wolden;Lunssloten;;;12;
3;NLD;Drenthe;De Wolden;Middelveen;;;12;
3;NLD;Drenthe;De Wolden;Nolde;;;12;
3;NLD;Drenthe;De Wolden;Noordwijk;;;12;
3;NLD;Drenthe;De Wolden;Oldenhave;;;12;
3;NLD;Drenthe;De Wolden;Oosteinde;;;12;
3;NLD;Drenthe;De Wolden;Oosterwijk;;;12;
3;NLD;Drenthe;De Wolden;Oshaar;;;12;
3;NLD;Drenthe;De Wolden;Oud Veeningen;;;12;
3;NLD;Drenthe;De Wolden;Paardelanden;;;12;
3;NLD;Drenthe;De Wolden;Pieperij;;;12;
3;NLD;Drenthe;De Wolden;Rheebruggen;;;12;
3;NLD;Drenthe;De Wolden;Ruinen;;;12;
3;NLD;Drenthe;De Wolden;Ruinerweide;;;12;
3;NLD;Drenthe;De Wolden;Ruinerwold;;;12;
3;NLD;Drenthe;De Wolden;Schottershuizen;;;12;
3;NLD;Drenthe;De Wolden;Schrapveen;;;12;
3;NLD;Drenthe;De Wolden;Steenbergen;;;12;
3;NLD;Drenthe;De Wolden;Struikberg;;;12;
3;NLD;Drenthe;De Wolden;Ten Arlo;;;12;
3;NLD;Drenthe;De Wolden;Veeningen;;;12;
3;NLD;Drenthe;De Wolden;Vuile Riete;;;12;
3;NLD;Drenthe;De Wolden;Weerwille;;;12;
3;NLD;Drenthe;De Wolden;Wemmenhove;;;12;
3;NLD;Drenthe;De Wolden;Witteveen;;;12;
3;NLD;Drenthe;De Wolden;Zuidwolde;E6.42855867889037;N52.6767274830778;12;
2;NLD;Drenthe;Eelde;;;;10;
2;NLD;Drenthe;Emmen;;;;10;
3;NLD;Drenthe;Emmen;Amsterdamsche Veld;;;12;
3;NLD;Drenthe;Emmen;Amsterdamscheveld;;;12;
3;NLD;Drenthe;Emmen;Angelso;;;12;
3;NLD;Drenthe;Emmen;Barger Erfsch Veen;;;12;
3;NLD;Drenthe;Emmen;Barger Oosterveen;;;12;
3;NLD;Drenthe;Emmen;Barger-Compascuüm;;;12;
3;NLD;Drenthe;Emmen;Barger-Erfafscheidenveen;;;12;
3;NLD;Drenthe;Emmen;Barger-Oosterveen;;;12;
3;NLD;Drenthe;Emmen;Barger-Oosterveld;;;12;
3;NLD;Drenthe;Emmen;Bargermeer;;;12;
3;NLD;Drenthe;Emmen;Berkenrode;;;12;
3;NLD;Drenthe;Emmen;Emmen;E6.96234650026333;N52.7497558656836;12;
3;NLD;Drenthe;Emmen;Emmer-Compascuum;;;12;
3;NLD;Drenthe;Emmen;Emmer-Erfscheidenveen;;;12;
3;NLD;Drenthe;Emmen;Erica;;;12;
3;NLD;Drenthe;Emmen;Halfweg;;;12;
3;NLD;Drenthe;Emmen;Klazienaveen;;;12;
3;NLD;Drenthe;Emmen;Koelveen;;;12;
3;NLD;Drenthe;Emmen;Middendorp;;;12;
3;NLD;Drenthe;Emmen;Nieuw-Amsterdam;;;12;
3;NLD;Drenthe;Emmen;Nieuw-Dordrecht;;;12;
3;NLD;Drenthe;Emmen;Nieuw-Schoonebeek;;;12;
3;NLD;Drenthe;Emmen;Nieuw-Weerdinge;;;12;
3;NLD;Drenthe;Emmen;Oosterse Bos;;;12;
3;NLD;Drenthe;Emmen;Oranjedorp;;;12;
3;NLD;Drenthe;Emmen;Roswinkel;;;12;
3;NLD;Drenthe;Emmen;Schoonebeek;;;12;
3;NLD;Drenthe;Emmen;Schutwijk;;;12;
3;NLD;Drenthe;Emmen;Veenoord;;;12;
3;NLD;Drenthe;Emmen;Weerdinge;;;12;
3;NLD;Drenthe;Emmen;Weiteveen;;;12;
3;NLD;Drenthe;Emmen;Westenesch;;;12;
3;NLD;Drenthe;Emmen;Westerse Bos;;;12;
3;NLD;Drenthe;Emmen;Wilhelmsoord;;;12;
3;NLD;Drenthe;Emmen;Zandpol;;;12;
3;NLD;Drenthe;Emmen;Zuidbarge;;;12;
3;NLD;Drenthe;Emmen;Zwartemeer;;;12;
2;NLD;Drenthe;Gasselte;;E6.78879907741612;N52.9666416925882;10;
2;NLD;Drenthe;Hoogeveen;;;;10;
3;NLD;Drenthe;Hoogeveen;Achterom;;;12;
3;NLD;Drenthe;Hoogeveen;Elim;;;12;
3;NLD;Drenthe;Hoogeveen;Fluitenberg;;;12;
3;NLD;Drenthe;Hoogeveen;Hollandscheveld;;;12;
3;NLD;Drenthe;Hoogeveen;Hoogeveen;;;12;
3;NLD;Drenthe;Hoogeveen;Kalenberg;;;12;
3;NLD;Drenthe;Hoogeveen;Moscou;;;12;
3;NLD;Drenthe;Hoogeveen;Nieuweroord;;;12;
3;NLD;Drenthe;Hoogeveen;Nieuwlande;;;12;
3;NLD;Drenthe;Hoogeveen;Noordscheschut;;;12;
3;NLD;Drenthe;Hoogeveen;Nuil;;;12;
3;NLD;Drenthe;Hoogeveen;Pesse;;;12;
3;NLD;Drenthe;Hoogeveen;Stadterij;;;12;
3;NLD;Drenthe;Hoogeveen;Stuifzand;;;12;
3;NLD;Drenthe;Hoogeveen;Tiendeveen;;;12;
3;NLD;Drenthe;Hoogeveen;Zuideropgaande;;;12;
3;NLD;Drenthe;Hoogeveen;Zwartschaap;;;12;
2;NLD;Drenthe;Meppel;;;;10;
3;NLD;Drenthe;Meppel;Broekhuizen;;;12;
3;NLD;Drenthe;Meppel;De Kolk;;;12;
3;NLD;Drenthe;Meppel;Havelterberg;;;12;
3;NLD;Drenthe;Meppel;Havixhorst;;;12;
3;NLD;Drenthe;Meppel;Kolderveen;;;12;
3;NLD;Drenthe;Meppel;Kolderveense Bovenboer;;;12;
3;NLD;Drenthe;Meppel;Lindenhorst;;;12;
3;NLD;Drenthe;Meppel;Meppel;E6.19624601597166;N52.6996700884999;12;
3;NLD;Drenthe;Meppel;Nijentap;;;12;
3;NLD;Drenthe;Meppel;Nijeveen;;;12;
3;NLD;Drenthe;Meppel;Nijeveense Bovenboer;;;12;
3;NLD;Drenthe;Meppel;Oosterboer;;;12;
3;NLD;Drenthe;Meppel;Rogat;;;12;
3;NLD;Drenthe;Meppel;Schiphorst;;;12;
2;NLD;Drenthe;Midden-Drenthe;;;;10;
3;NLD;Drenthe;Midden-Drenthe;Balinge;;;12;
3;NLD;Drenthe;Midden-Drenthe;Beilen;;;12;
3;NLD;Drenthe;Midden-Drenthe;Bovensmilde;;;12;
3;NLD;Drenthe;Midden-Drenthe;Brunsting;;;12;
3;NLD;Drenthe;Midden-Drenthe;Bruntinge;;;12;
3;NLD;Drenthe;Midden-Drenthe;Drijber;;;12;
3;NLD;Drenthe;Midden-Drenthe;Elp;;;12;
3;NLD;Drenthe;Midden-Drenthe;Eursinge;;;12;
3;NLD;Drenthe;Midden-Drenthe;Garminge;;;12;
3;NLD;Drenthe;Midden-Drenthe;Hijken;;;12;
3;NLD;Drenthe;Midden-Drenthe;Hijkersmilde;;;12;
3;NLD;Drenthe;Midden-Drenthe;Holthe;;;12;
3;NLD;Drenthe;Midden-Drenthe;Hoogersmilde;;;12;
3;NLD;Drenthe;Midden-Drenthe;Hooghalen;E6.54153726483837;N52.9190113684111;12;
3;NLD;Drenthe;Midden-Drenthe;Laaghalen;;;12;
3;NLD;Drenthe;Midden-Drenthe;Laaghalerveen;;;12;
3;NLD;Drenthe;Midden-Drenthe;Lieving;;;12;
3;NLD;Drenthe;Midden-Drenthe;Makkum;;;12;
3;NLD;Drenthe;Midden-Drenthe;Mantinge;;;12;
3;NLD;Drenthe;Midden-Drenthe;Nieuw-Balinge;;;12;
3;NLD;Drenthe;Midden-Drenthe;Oranje;;;12;
3;NLD;Drenthe;Midden-Drenthe;Orvelte;;;12;
3;NLD;Drenthe;Midden-Drenthe;Smilde;;;12;
3;NLD;Drenthe;Midden-Drenthe;Spier;;;12;
3;NLD;Drenthe;Midden-Drenthe;Westerbork;E6.61224466378681;N52.8501050049694;12;
3;NLD;Drenthe;Midden-Drenthe;Wijster;;;12;
3;NLD;Drenthe;Midden-Drenthe;Witteveen;;;12;
3;NLD;Drenthe;Midden-Drenthe;Zuidveld;;;12;
3;NLD;Drenthe;Midden-Drenthe;Zwiggelte;;;12;
2;NLD;Drenthe;Noordenveld;;;;10;
3;NLD;Drenthe;Noordenveld;Altena;;;12;
3;NLD;Drenthe;Noordenveld;Alteveer;;;12;
3;NLD;Drenthe;Noordenveld;Amerika;;;12;
3;NLD;Drenthe;Noordenveld;Boerelaan;;;12;
3;NLD;Drenthe;Noordenveld;De Horst;;;12;
3;NLD;Drenthe;Noordenveld;De Pol;;;12;
3;NLD;Drenthe;Noordenveld;Een;;;12;
3;NLD;Drenthe;Noordenveld;Een-West;;;12;
3;NLD;Drenthe;Noordenveld;Foxwolde;;;12;
3;NLD;Drenthe;Noordenveld;Huis ter Heide;;;12;
3;NLD;Drenthe;Noordenveld;Langelo;;;12;
3;NLD;Drenthe;Noordenveld;Leutingewolde;;;12;
3;NLD;Drenthe;Noordenveld;Lieveren;;;12;
3;NLD;Drenthe;Noordenveld;Matsloot;;;12;
3;NLD;Drenthe;Noordenveld;Nietap;;;12;
3;NLD;Drenthe;Noordenveld;Nieuw-Roden;;;12;
3;NLD;Drenthe;Noordenveld;Norg;;;12;
3;NLD;Drenthe;Noordenveld;Norgervaart;;;12;
3;NLD;Drenthe;Noordenveld;Peest;;;12;
3;NLD;Drenthe;Noordenveld;Peize;;;12;
3;NLD;Drenthe;Noordenveld;Peizermade;;;12;
3;NLD;Drenthe;Noordenveld;Peizerwold;;;12;
3;NLD;Drenthe;Noordenveld;Roden;E6.43294024524293;N53.1370036859612;12;
3;NLD;Drenthe;Noordenveld;Roderesch;;;12;
3;NLD;Drenthe;Noordenveld;Roderwolde;;;12;
3;NLD;Drenthe;Noordenveld;Sandebuur;;;12;
3;NLD;Drenthe;Noordenveld;Steenbergen;;;12;
3;NLD;Drenthe;Noordenveld;Terheijl;;;12;
3;NLD;Drenthe;Noordenveld;Veenhuizen;;;12;
3;NLD;Drenthe;Noordenveld;Westervelde;;;12;
3;NLD;Drenthe;Noordenveld;Zuidvelde;;;12;
2;NLD;Drenthe;Norg;;;;10;
2;NLD;Drenthe;Roden;;;;10;
2;NLD;Drenthe;Rolde;;;;10;
2;NLD;Drenthe;Tynaarlo;;;;10;
3;NLD;Drenthe;Tynaarlo;Bunne;;;12;
3;NLD;Drenthe;Tynaarlo;Bunnerveen;;;12;
3;NLD;Drenthe;Tynaarlo;De Groeve;;;12;
3;NLD;Drenthe;Tynaarlo;De Punt;;;12;
3;NLD;Drenthe;Tynaarlo;Donderen;;;12;
3;NLD;Drenthe;Tynaarlo;Eelde;;;12;
3;NLD;Drenthe;Tynaarlo;Eelderwolde;;;12;
3;NLD;Drenthe;Tynaarlo;Midlaren;E6.6761654160212;N53.1111206841014;12;
3;NLD;Drenthe;Tynaarlo;Oudemolen;;;12;
3;NLD;Drenthe;Tynaarlo;Paterswolde;E6.56756882331258;N53.1492194792918;12;
3;NLD;Drenthe;Tynaarlo;Schuilingsoord;;;12;
3;NLD;Drenthe;Tynaarlo;Taarlo;;;12;
3;NLD;Drenthe;Tynaarlo;Tynaarlo;;;12;
3;NLD;Drenthe;Tynaarlo;Vries;E6.57822263775733;N53.0738244361386;12;
3;NLD;Drenthe;Tynaarlo;Westlaren;;;12;
3;NLD;Drenthe;Tynaarlo;Winde;;;12;
3;NLD;Drenthe;Tynaarlo;Yde;;;12;
3;NLD;Drenthe;Tynaarlo;Zeegse;;;12;
3;NLD;Drenthe;Tynaarlo;Zeijen;;;12;
3;NLD;Drenthe;Tynaarlo;Zuidlaarderveen;;;12;
3;NLD;Drenthe;Tynaarlo;Zuidlaren;E6.68724782483637;N53.0946189470667;12;
2;NLD;Drenthe;Westerveld;;;;10;
3;NLD;Drenthe;Westerveld;Berkenheuvel;;;12;
3;NLD;Drenthe;Westerveld;Boschoord;;;12;
3;NLD;Drenthe;Westerveld;Boterveen;;;12;
3;NLD;Drenthe;Westerveld;Busselte;;;12;
3;NLD;Drenthe;Westerveld;Darp;;;12;
3;NLD;Drenthe;Westerveld;De Moesberg;;;12;
3;NLD;Drenthe;Westerveld;Diever;;;12;
3;NLD;Drenthe;Westerveld;Dieverbrug;;;12;
3;NLD;Drenthe;Westerveld;Doldersum;;;12;
3;NLD;Drenthe;Westerveld;Dwingeloo;;;12;
3;NLD;Drenthe;Westerveld;Eemster;;;12;
3;NLD;Drenthe;Westerveld;Eursinge;;;12;
3;NLD;Drenthe;Westerveld;Frederiksoord;;;12;
3;NLD;Drenthe;Westerveld;Geeuwenbrug;;;12;
3;NLD;Drenthe;Westerveld;Havelte;;;12;
3;NLD;Drenthe;Westerveld;Havelterberg;;;12;
3;NLD;Drenthe;Westerveld;Het Moer;;;12;
3;NLD;Drenthe;Westerveld;Het Schier;;;12;
3;NLD;Drenthe;Westerveld;Holtien;;;12;
3;NLD;Drenthe;Westerveld;Holtinge;;;12;
3;NLD;Drenthe;Westerveld;Holtland;;;12;
3;NLD;Drenthe;Westerveld;Kalteren;;;12;
3;NLD;Drenthe;Westerveld;Leggeloo;;;12;
3;NLD;Drenthe;Westerveld;Lhee;;;12;
3;NLD;Drenthe;Westerveld;Lheebroek;;;12;
3;NLD;Drenthe;Westerveld;Molenstad;;;12;
3;NLD;Drenthe;Westerveld;Nieuw-Balinge;;;12;
3;NLD;Drenthe;Westerveld;Nijensleek;;;12;
3;NLD;Drenthe;Westerveld;Oldendiever;;;12;
3;NLD;Drenthe;Westerveld;Oude Willem;;;12;
3;NLD;Drenthe;Westerveld;Soerte;;;12;
3;NLD;Drenthe;Westerveld;Ten Have;;;12;
3;NLD;Drenthe;Westerveld;Uffelte;;;12;
3;NLD;Drenthe;Westerveld;Veendijk;;;12;
3;NLD;Drenthe;Westerveld;Veenhuizen;;;12;
3;NLD;Drenthe;Westerveld;Veldhuizen;;;12;
3;NLD;Drenthe;Westerveld;Vledder;;;12;
3;NLD;Drenthe;Westerveld;Vledderveen;;;12;
3;NLD;Drenthe;Westerveld;Wapse;;;12;
3;NLD;Drenthe;Westerveld;Wapserveen;;;12;
3;NLD;Drenthe;Westerveld;Wateren;;;12;
3;NLD;Drenthe;Westerveld;Westeinde;;;12;
3;NLD;Drenthe;Westerveld;Wilhelminaoord;;;12;
3;NLD;Drenthe;Westerveld;Wittelte;;;12;
3;NLD;Drenthe;Westerveld;Witteveen;;;12;
3;NLD;Drenthe;Westerveld;Zoerte;;;12;
3;NLD;Drenthe;Westerveld;Zorgvlied;;;12;
1;NLD;Flevoland;;;;;7;places/NLD/flags/FL.gif
2;NLD;Flevoland;Almere;;;;10;
3;NLD;Flevoland;Almere;Almere;;;12;
3;NLD;Flevoland;Almere;Almere-Buiten;;;12;
3;NLD;Flevoland;Almere;Almere-Haven;;;12;
3;NLD;Flevoland;Almere;Almere-Hout;;;12;
3;NLD;Flevoland;Almere;Almere-Stad;;;12;
3;NLD;Flevoland;Almere;Zuiderflevo;;;12;
2;NLD;Flevoland;Dronten;;;;10;
3;NLD;Flevoland;Dronten;Biddinghuizen;;;12;
3;NLD;Flevoland;Dronten;Dronten;;;12;
3;NLD;Flevoland;Dronten;Ketelhaven;;;12;
3;NLD;Flevoland;Dronten;Swifterbant;;;12;
2;NLD;Flevoland;Lelystad;;;;10;
3;NLD;Flevoland;Lelystad;Lelystad;E5.47361797819984;N52.5088516785626;12;
2;NLD;Flevoland;Noordoostpolder;;;;10;
3;NLD;Flevoland;Noordoostpolder;Bant;;;12;
3;NLD;Flevoland;Noordoostpolder;Creil;;;12;
3;NLD;Flevoland;Noordoostpolder;Emmeloord;;;12;
3;NLD;Flevoland;Noordoostpolder;Ens;;;12;
3;NLD;Flevoland;Noordoostpolder;Espel;;;12;
3;NLD;Flevoland;Noordoostpolder;Kraggenburg;;;12;
3;NLD;Flevoland;Noordoostpolder;Luttelgeest;;;12;
3;NLD;Flevoland;Noordoostpolder;Marknesse;;;12;
3;NLD;Flevoland;Noordoostpolder;Nagele;;;12;
3;NLD;Flevoland;Noordoostpolder;Ramspol;;;12;
3;NLD;Flevoland;Noordoostpolder;Rutten;;;12;
3;NLD;Flevoland;Noordoostpolder;Tollebeek;;;12;
2;NLD;Flevoland;Urk;;;;10;
3;NLD;Flevoland;Urk;Urk;;;12;
2;NLD;Flevoland;Zeewolde;;;;10;
3;NLD;Flevoland;Zeewolde;Zeewolde;;;12;
1;NLD;Friesland;;;E5.7;N53.1;8;places/NLD/flags/FR.gif
2;NLD;Friesland;Achtkarspelen;;;;10;
3;NLD;Friesland;Achtkarspelen;Augustinusga;;;12;
3;NLD;Friesland;Achtkarspelen;Blauwverlaat;;;12;
3;NLD;Friesland;Achtkarspelen;Boelenslaan;;;12;
3;NLD;Friesland;Achtkarspelen;Buitenpost;;;12;
3;NLD;Friesland;Achtkarspelen;Drogeham;;;12;
3;NLD;Friesland;Achtkarspelen;Gerkesklooster;;;12;
3;NLD;Friesland;Achtkarspelen;Harkema;;;12;
3;NLD;Friesland;Achtkarspelen;Kootstertille;;;12;
3;NLD;Friesland;Achtkarspelen;Stroobos;;;12;
3;NLD;Friesland;Achtkarspelen;Surhuisterveen;;;12;
3;NLD;Friesland;Achtkarspelen;Surhuizum;;;12;
3;NLD;Friesland;Achtkarspelen;Twijzel;;;12;
3;NLD;Friesland;Achtkarspelen;Twijzelerheide;;;12;
2;NLD;Friesland;Ameland;;;;10;
3;NLD;Friesland;Ameland;Ameland;;;12;
3;NLD;Friesland;Ameland;Ballum;;;12;
3;NLD;Friesland;Ameland;Buren;;;12;
3;NLD;Friesland;Ameland;Hollum;;;12;
3;NLD;Friesland;Ameland;Nes;;;12;
2;NLD;Friesland;Baarderadeel;;E5.71993551712483;N53.1284864400662;10;
2;NLD;Friesland;Bolsward;;;;10;
3;NLD;Friesland;Bolsward;Bolsward;;;12;
2;NLD;Friesland;Boornsterhem;;;;10;
3;NLD;Friesland;Boornsterhem;Abbengawier;;;12;
3;NLD;Friesland;Boornsterhem;Aegum;;;12;
3;NLD;Friesland;Boornsterhem;Akkrum;E5.83823951619133;N53.0489966985056;12;
3;NLD;Friesland;Boornsterhem;Aldeboarn;;;12;
3;NLD;Friesland;Boornsterhem;Bokkum;;;12;
3;NLD;Friesland;Boornsterhem;Dearsum;;;12;
3;NLD;Friesland;Boornsterhem;Deersum;;;12;
3;NLD;Friesland;Boornsterhem;Eagum;;;12;
3;NLD;Friesland;Boornsterhem;Friens;;;12;
3;NLD;Friesland;Boornsterhem;Grou;;;12;
3;NLD;Friesland;Boornsterhem;Grouw;;;12;
3;NLD;Friesland;Boornsterhem;Idaard;;;12;
3;NLD;Friesland;Boornsterhem;Idaerd;;;12;
3;NLD;Friesland;Boornsterhem;Irnsum;;;12;
3;NLD;Friesland;Boornsterhem;Jirnsum;;;12;
3;NLD;Friesland;Boornsterhem;Nes;;;12;
3;NLD;Friesland;Boornsterhem;Oldeboorn;;;12;
3;NLD;Friesland;Boornsterhem;Poppenwier;;;12;
3;NLD;Friesland;Boornsterhem;Poppingawier;;;12;
3;NLD;Friesland;Boornsterhem;Raerd;;;12;
3;NLD;Friesland;Boornsterhem;Rauwerd;;;12;
3;NLD;Friesland;Boornsterhem;Reduzum;;;12;
3;NLD;Friesland;Boornsterhem;Roordahuizum;;;12;
3;NLD;Friesland;Boornsterhem;Sibrandabuorren;;;12;
3;NLD;Friesland;Boornsterhem;Sijbrandaburen;;;12;
3;NLD;Friesland;Boornsterhem;Terherne;;;12;
3;NLD;Friesland;Boornsterhem;Terhorne;;;12;
3;NLD;Friesland;Boornsterhem;Tersoal;;;12;
3;NLD;Friesland;Boornsterhem;Terzool;;;12;
3;NLD;Friesland;Boornsterhem;Warga;E5.8441681203909;N53.1519720455273;12;
3;NLD;Friesland;Boornsterhem;Warstiens;;;12;
3;NLD;Friesland;Boornsterhem;Warten;;;12;
3;NLD;Friesland;Boornsterhem;Wartena;;;12;
3;NLD;Friesland;Boornsterhem;Wergea;;;12;
2;NLD;Friesland;Dantumadeel;;;;10;
3;NLD;Friesland;Dantumadeel;Akkerwoude;;;12;
3;NLD;Friesland;Dantumadeel;Akkerwoudsterbroek;;;12;
3;NLD;Friesland;Dantumadeel;Broeksterwoude;;;12;
3;NLD;Friesland;Dantumadeel;Damwoude;;;12;
3;NLD;Friesland;Dantumadeel;De Valom;;;12;
3;NLD;Friesland;Dantumadeel;Driesum;;;12;
3;NLD;Friesland;Dantumadeel;Rinsumageest;;;12;
3;NLD;Friesland;Dantumadeel;Roodkerk;;;12;
3;NLD;Friesland;Dantumadeel;Sijbrandahuis;;;12;
3;NLD;Friesland;Dantumadeel;Veenwouden;;;12;
3;NLD;Friesland;Dantumadeel;Veenwoudsterwal;;;12;
3;NLD;Friesland;Dantumadeel;Wouterswoude;;;12;
3;NLD;Friesland;Dantumadeel;Zwaagwesteinde;;;12;
2;NLD;Friesland;Dongeradeel;;;;10;
3;NLD;Friesland;Dongeradeel;Aalsum;;;12;
3;NLD;Friesland;Dongeradeel;Anjum;E6.12622547792163;N53.3755582880077;12;
3;NLD;Friesland;Dongeradeel;Bollingawier;;;12;
3;NLD;Friesland;Dongeradeel;Bornwird;;;12;
3;NLD;Friesland;Dongeradeel;Brantgum;;;12;
3;NLD;Friesland;Dongeradeel;De Bult;;;12;
3;NLD;Friesland;Dongeradeel;Dokkum;E5.99847105836477;N53.3252129636355;12;
3;NLD;Friesland;Dongeradeel;Dokkumer Nieuwe Zijlen;;;12;
3;NLD;Friesland;Dongeradeel;Ee;;;12;
3;NLD;Friesland;Dongeradeel;Engwierum;;;12;
3;NLD;Friesland;Dongeradeel;Ezumazijl;;;12;
3;NLD;Friesland;Dongeradeel;Foudgum;;;12;
3;NLD;Friesland;Dongeradeel;Hantum;;;12;
3;NLD;Friesland;Dongeradeel;Hantumeruitburen;;;12;
3;NLD;Friesland;Dongeradeel;Hantumhuizen;;;12;
3;NLD;Friesland;Dongeradeel;Hiaure;;;12;
3;NLD;Friesland;Dongeradeel;Holwerd;;;12;
3;NLD;Friesland;Dongeradeel;Jouswier;;;12;
3;NLD;Friesland;Dongeradeel;Lioessens;;;12;
3;NLD;Friesland;Dongeradeel;Metslawier;;;12;
3;NLD;Friesland;Dongeradeel;Moddergat;;;12;
3;NLD;Friesland;Dongeradeel;Morra;;;12;
3;NLD;Friesland;Dongeradeel;Nes;;;12;
3;NLD;Friesland;Dongeradeel;Niawier;;;12;
3;NLD;Friesland;Dongeradeel;Nijkerk;;;12;
3;NLD;Friesland;Dongeradeel;Oosternijkerk;;;12;
3;NLD;Friesland;Dongeradeel;Oostmahorn;;;12;
3;NLD;Friesland;Dongeradeel;Oostrum;;;12;
3;NLD;Friesland;Dongeradeel;Paesens;;;12;
3;NLD;Friesland;Dongeradeel;Raard;;;12;
3;NLD;Friesland;Dongeradeel;Ternaard;;;12;
3;NLD;Friesland;Dongeradeel;Tibma;;;12;
3;NLD;Friesland;Dongeradeel;Waaxens;;;12;
3;NLD;Friesland;Dongeradeel;Wetsens;;;12;
3;NLD;Friesland;Dongeradeel;Wetzens;;;12;
3;NLD;Friesland;Dongeradeel;Wierum;;;12;
2;NLD;Friesland;Ferwerderadeel;;;;10;
3;NLD;Friesland;Ferwerderadeel;Bartlehiem;;;12;
3;NLD;Friesland;Ferwerderadeel;Birdaard;;;12;
3;NLD;Friesland;Ferwerderadeel;Blija;;;12;
3;NLD;Friesland;Ferwerderadeel;Ferwerd;;;12;
3;NLD;Friesland;Ferwerderadeel;Genum;;;12;
3;NLD;Friesland;Ferwerderadeel;Hallum;;;12;
3;NLD;Friesland;Ferwerderadeel;Hogebeintum;;;12;
3;NLD;Friesland;Ferwerderadeel;Janum;;;12;
3;NLD;Friesland;Ferwerderadeel;Jislum;;;12;
3;NLD;Friesland;Ferwerderadeel;Lichtaard;;;12;
3;NLD;Friesland;Ferwerderadeel;Marrum;;;12;
3;NLD;Friesland;Ferwerderadeel;Nieuwe Bildtzijl;;;12;
3;NLD;Friesland;Ferwerderadeel;Reitsum;;;12;
3;NLD;Friesland;Ferwerderadeel;Tergracht;;;12;
3;NLD;Friesland;Ferwerderadeel;Wanswerd;;;12;
2;NLD;Friesland;Franekeradeel;;;;10;
3;NLD;Friesland;Franekeradeel;Achlum;E5.48281098593585;N53.1477578188094;12;
3;NLD;Friesland;Franekeradeel;Arkens;;;12;
3;NLD;Friesland;Franekeradeel;Boer;;;12;
3;NLD;Friesland;Franekeradeel;Dongjum;;;12;
3;NLD;Friesland;Franekeradeel;Firdgum;;;12;
3;NLD;Friesland;Franekeradeel;Franeker;E5.53822601821946;N53.185344349812;12;
3;NLD;Friesland;Franekeradeel;Herbaijum;;;12;
3;NLD;Friesland;Franekeradeel;Hitzum;;;12;
3;NLD;Friesland;Franekeradeel;Klooster-Lidlum;;;12;
3;NLD;Friesland;Franekeradeel;Oosterbierum;;;12;
3;NLD;Friesland;Franekeradeel;Peins;;;12;
3;NLD;Friesland;Franekeradeel;Pietersbierum;;;12;
3;NLD;Friesland;Franekeradeel;Ried;;;12;
3;NLD;Friesland;Franekeradeel;Schalsum;;;12;
3;NLD;Friesland;Franekeradeel;Sexbierum;;;12;
3;NLD;Friesland;Franekeradeel;Tzum;;;12;
3;NLD;Friesland;Franekeradeel;Tzummarum;;;12;
3;NLD;Friesland;Franekeradeel;Zweins;;;12;
2;NLD;Friesland;Gaasterland-Sloten;;;;10;
3;NLD;Friesland;Gaasterland-Sloten;Bakhuizen;;;12;
3;NLD;Friesland;Gaasterland-Sloten;Balk;;;12;
3;NLD;Friesland;Gaasterland-Sloten;Elahuizen;;;12;
3;NLD;Friesland;Gaasterland-Sloten;Harich;;;12;
3;NLD;Friesland;Gaasterland-Sloten;Kolderwolde;;;12;
3;NLD;Friesland;Gaasterland-Sloten;Mirns;;;12;
3;NLD;Friesland;Gaasterland-Sloten;Nijemirdum;;;12;
3;NLD;Friesland;Gaasterland-Sloten;Oudega;;;12;
3;NLD;Friesland;Gaasterland-Sloten;Oudemirdum;;;12;
3;NLD;Friesland;Gaasterland-Sloten;Rijs;;;12;
3;NLD;Friesland;Gaasterland-Sloten;Ruigahuizen;;;12;
3;NLD;Friesland;Gaasterland-Sloten;Sloten;;;12;
3;NLD;Friesland;Gaasterland-Sloten;Sondel;;;12;
3;NLD;Friesland;Gaasterland-Sloten;Wijckel;;;12;
2;NLD;Friesland;Harlingen;;;;10;
3;NLD;Friesland;Harlingen;Almenum;;;12;
3;NLD;Friesland;Harlingen;Harlingen;E5.45128069829296;N53.1755498585422;12;
3;NLD;Friesland;Harlingen;Midlum;;;12;
3;NLD;Friesland;Harlingen;Wijnaldum;;;12;
2;NLD;Friesland;Heerenveen;;;;10;
3;NLD;Friesland;Heerenveen;Annaburen;;;12;
3;NLD;Friesland;Heerenveen;Benedenknijpe;;;12;
3;NLD;Friesland;Heerenveen;Bontebok;;;12;
3;NLD;Friesland;Heerenveen;Brongerga;;;12;
3;NLD;Friesland;Heerenveen;De Knijpe;;;12;
3;NLD;Friesland;Heerenveen;De Knipe;;;12;
3;NLD;Friesland;Heerenveen;Gersloot;;;12;
3;NLD;Friesland;Heerenveen;Heerenveen;;;12;
3;NLD;Friesland;Heerenveen;Hoornsterzwaag;;;12;
3;NLD;Friesland;Heerenveen;Jubbega;;;12;
3;NLD;Friesland;Heerenveen;Katlijk;;;12;
3;NLD;Friesland;Heerenveen;Luinjeberd;;;12;
3;NLD;Friesland;Heerenveen;Mildam;;;12;
3;NLD;Friesland;Heerenveen;Nieuwehorne;;;12;
3;NLD;Friesland;Heerenveen;Nieuweschoot;;;12;
3;NLD;Friesland;Heerenveen;Oranjewoud;;;12;
3;NLD;Friesland;Heerenveen;Oudehorne;;;12;
3;NLD;Friesland;Heerenveen;Oudeschoot;;;12;
3;NLD;Friesland;Heerenveen;Terband;;;12;
3;NLD;Friesland;Heerenveen;Tjalleberd;;;12;
2;NLD;Friesland;het Bildt;;;;10;
3;NLD;Friesland;het Bildt;Minnertsga;;;12;
3;NLD;Friesland;het Bildt;Oude Bildtzijl;;;12;
3;NLD;Friesland;het Bildt;Oudebildtzijl;;;12;
3;NLD;Friesland;het Bildt;Sint Annaparochie;;;12;
3;NLD;Friesland;het Bildt;Sint Jacobiparochie;;;12;
3;NLD;Friesland;het Bildt;St Annaparochie;;;12;
3;NLD;Friesland;het Bildt;St Jacobiparochie;;;12;
3;NLD;Friesland;het Bildt;Vrouwenparochie;;;12;
3;NLD;Friesland;het Bildt;Westhoek;;;12;
2;NLD;Friesland;Idaarderadeel;;E5.83274121390947;N53.0916956261019;10;
2;NLD;Friesland;Kollumerland en Nieuwkruisland;;;;10;
3;NLD;Friesland;Kollumerland en Nieuwkruisland;Augsbuurt;;;12;
3;NLD;Friesland;Kollumerland en Nieuwkruisland;Burum;;;12;
3;NLD;Friesland;Kollumerland en Nieuwkruisland;Kollum;;;12;
3;NLD;Friesland;Kollumerland en Nieuwkruisland;Kollumerpomp;;;12;
3;NLD;Friesland;Kollumerland en Nieuwkruisland;Kollumerzwaag;;;12;
3;NLD;Friesland;Kollumerland en Nieuwkruisland;Munnekezijl;;;12;
3;NLD;Friesland;Kollumerland en Nieuwkruisland;Oudwoude;;;12;
3;NLD;Friesland;Kollumerland en Nieuwkruisland;Triemen;;;12;
3;NLD;Friesland;Kollumerland en Nieuwkruisland;Veenklooster;;;12;
3;NLD;Friesland;Kollumerland en Nieuwkruisland;Warfstermolen;;;12;
3;NLD;Friesland;Kollumerland en Nieuwkruisland;Westergeest;;;12;
3;NLD;Friesland;Kollumerland en Nieuwkruisland;Zwagerbosch;;;12;
2;NLD;Friesland;Leeuwarden;;;;10;
3;NLD;Friesland;Leeuwarden;Goutum;;;12;
3;NLD;Friesland;Leeuwarden;Hempens;;;12;
3;NLD;Friesland;Leeuwarden;Leeuwarden;E5.79253317092607;N53.1972903506703;12;
3;NLD;Friesland;Leeuwarden;Lekkum;E5.82045583802673;N53.2248057677417;12;
3;NLD;Friesland;Leeuwarden;Miedum;;;12;
3;NLD;Friesland;Leeuwarden;Snakkerburen;;;12;
3;NLD;Friesland;Leeuwarden;Swichum;;;12;
3;NLD;Friesland;Leeuwarden;Teerns;;;12;
3;NLD;Friesland;Leeuwarden;Wirdum;E5.80456156094129;N53.1497385736687;12;
3;NLD;Friesland;Leeuwarden;Wytgaard;;;12;
2;NLD;Friesland;Leeuwarderadeel;;;;10;
3;NLD;Friesland;Leeuwarderadeel;Bartlehiem;;;12;
3;NLD;Friesland;Leeuwarderadeel;Britsum;E5.78334016319006;N53.252857354663;12;
3;NLD;Friesland;Leeuwarderadeel;Cornjum;E5.77956008037128;N53.2433941275679;12;
3;NLD;Friesland;Leeuwarderadeel;Finkum;;;12;
3;NLD;Friesland;Leeuwarderadeel;Hijum;;;12;
3;NLD;Friesland;Leeuwarderadeel;Jelsum;E5.7836842339695;N53.234357787296;12;
3;NLD;Friesland;Leeuwarderadeel;Oude Leije;;;12;
3;NLD;Friesland;Leeuwarderadeel;Stiens;;;12;
2;NLD;Friesland;Lemsterland;;;;10;
3;NLD;Friesland;Lemsterland;Bantega;;;12;
3;NLD;Friesland;Lemsterland;Brakkenpolder;;;12;
3;NLD;Friesland;Lemsterland;Delfstrahuizen;;;12;
3;NLD;Friesland;Lemsterland;Echten;;;12;
3;NLD;Friesland;Lemsterland;Echtenerbrug;;;12;
3;NLD;Friesland;Lemsterland;Eesterga;;;12;
3;NLD;Friesland;Lemsterland;Follega;;;12;
3;NLD;Friesland;Lemsterland;Lemmer;;;12;
3;NLD;Friesland;Lemsterland;Oosterzee;;;12;
2;NLD;Friesland;Littenseradeel;;;;10;
3;NLD;Friesland;Littenseradeel;Baaium;;;12;
3;NLD;Friesland;Littenseradeel;Baard;E5.66804272801884;N53.142338063703;12;
3;NLD;Friesland;Littenseradeel;Baijum;;;12;
3;NLD;Friesland;Littenseradeel;Bears;;;12;
3;NLD;Friesland;Littenseradeel;Beers;;;12;
3;NLD;Friesland;Littenseradeel;Boazum;;;12;
3;NLD;Friesland;Littenseradeel;Bozum;;;12;
3;NLD;Friesland;Littenseradeel;Britswerd;;;12;
3;NLD;Friesland;Littenseradeel;Britswert;;;12;
3;NLD;Friesland;Littenseradeel;Easterein;;;12;
3;NLD;Friesland;Littenseradeel;Easterlittens;;;12;
3;NLD;Friesland;Littenseradeel;Easterwierrum;;;12;
3;NLD;Friesland;Littenseradeel;Edens;;;12;
3;NLD;Friesland;Littenseradeel;Hennaard;;;12;
3;NLD;Friesland;Littenseradeel;Hidaard;;;12;
3;NLD;Friesland;Littenseradeel;Hijlaard;;;12;
3;NLD;Friesland;Littenseradeel;Hilaard;;;12;
3;NLD;Friesland;Littenseradeel;Hinnaard;;;12;
3;NLD;Friesland;Littenseradeel;Huins;E5.66632450855576;N53.1616128575408;12;
3;NLD;Friesland;Littenseradeel;Húns;;;12;
3;NLD;Friesland;Littenseradeel;Iens;;;12;
3;NLD;Friesland;Littenseradeel;Itens;;;12;
3;NLD;Friesland;Littenseradeel;Jellum;;;12;
3;NLD;Friesland;Littenseradeel;Jorwerd;;;12;
3;NLD;Friesland;Littenseradeel;Jorwert;;;12;
3;NLD;Friesland;Littenseradeel;Kubaard;;;12;
3;NLD;Friesland;Littenseradeel;Leons;;;12;
3;NLD;Friesland;Littenseradeel;Lions;;;12;
3;NLD;Friesland;Littenseradeel;Lutkewierum;;;12;
3;NLD;Friesland;Littenseradeel;Lytsewierrum;;;12;
3;NLD;Friesland;Littenseradeel;Mantgum;;;12;
3;NLD;Friesland;Littenseradeel;Oosterend;;;12;
3;NLD;Friesland;Littenseradeel;Oosterlittens;;;12;
3;NLD;Friesland;Littenseradeel;Oosterwierum;;;12;
3;NLD;Friesland;Littenseradeel;Reahûs;;;12;
3;NLD;Friesland;Littenseradeel;Rien;;;12;
3;NLD;Friesland;Littenseradeel;Roodhuis;;;12;
3;NLD;Friesland;Littenseradeel;Spannum;;;12;
3;NLD;Friesland;Littenseradeel;Waaksens;;;12;
3;NLD;Friesland;Littenseradeel;Waaxens;;;12;
3;NLD;Friesland;Littenseradeel;Weidum;;;12;
3;NLD;Friesland;Littenseradeel;Welsrijp;;;12;
3;NLD;Friesland;Littenseradeel;Wieuwerd;;;12;
3;NLD;Friesland;Littenseradeel;Winsum;;;12;
3;NLD;Friesland;Littenseradeel;Wiuwert;;;12;
3;NLD;Friesland;Littenseradeel;Wjelsryp;;;12;
3;NLD;Friesland;Littenseradeel;Wommels;;;12;
2;NLD;Friesland;Menaldumadeel;;;;10;
3;NLD;Friesland;Menaldumadeel;Beetgum;;;12;
3;NLD;Friesland;Menaldumadeel;Beetgumermolen;;;12;
3;NLD;Friesland;Menaldumadeel;Berlikum;;;12;
3;NLD;Friesland;Menaldumadeel;Blessum;;;12;
3;NLD;Friesland;Menaldumadeel;Boksum;E5.72663678647426;N53.1770968963892;12;
3;NLD;Friesland;Menaldumadeel;Deinum;E5.72500479814945;N53.1913617464707;12;
3;NLD;Friesland;Menaldumadeel;Dronrijp;;;12;
3;NLD;Friesland;Menaldumadeel;Engelum;;;12;
3;NLD;Friesland;Menaldumadeel;Marssum;;;12;
3;NLD;Friesland;Menaldumadeel;Menaldum;E5.65799082399469;N53.2137135405296;12;
3;NLD;Friesland;Menaldumadeel;Schingen;;;12;
3;NLD;Friesland;Menaldumadeel;Slappeterp;;;12;
3;NLD;Friesland;Menaldumadeel;Wier;;;12;
2;NLD;Friesland;Nijefurd;;;;10;
3;NLD;Friesland;Nijefurd;Brandeburen;;;12;
3;NLD;Friesland;Nijefurd;Heidenskip It;;;12;
3;NLD;Friesland;Nijefurd;Hemelum;;;12;
3;NLD;Friesland;Nijefurd;Hindeloopen;;;12;
3;NLD;Friesland;Nijefurd;It Heidenskip;;;12;
3;NLD;Friesland;Nijefurd;Koudum;;;12;
3;NLD;Friesland;Nijefurd;Molkwerum;;;12;
3;NLD;Friesland;Nijefurd;Nijhuizum;;;12;
3;NLD;Friesland;Nijefurd;Stavoren;;;12;
3;NLD;Friesland;Nijefurd;Warns;;;12;
3;NLD;Friesland;Nijefurd;Workum;;;12;
2;NLD;Friesland;Ooststellingwerf;;;;10;
3;NLD;Friesland;Ooststellingwerf;Aekinga;;;12;
3;NLD;Friesland;Ooststellingwerf;Appelscha;;;12;
3;NLD;Friesland;Ooststellingwerf;Buttinga;;;12;
3;NLD;Friesland;Ooststellingwerf;Donkerbroek;E6.23447842673763;N53.0174685452968;12;
3;NLD;Friesland;Ooststellingwerf;Een-West;;;12;
3;NLD;Friesland;Ooststellingwerf;Elsloo;;;12;
3;NLD;Friesland;Ooststellingwerf;Fochteloo;;;12;
3;NLD;Friesland;Ooststellingwerf;Haule;;;12;
3;NLD;Friesland;Ooststellingwerf;Haulerwijk;;;12;
3;NLD;Friesland;Ooststellingwerf;Langedijke;;;12;
3;NLD;Friesland;Ooststellingwerf;Makkinga;;;12;
3;NLD;Friesland;Ooststellingwerf;Nijeberkoop;;;12;
3;NLD;Friesland;Ooststellingwerf;Oldeberkoop;;;12;
3;NLD;Friesland;Ooststellingwerf;Oosterwolde;E6.29169748273577;N52.9912542792623;12;
3;NLD;Friesland;Ooststellingwerf;Ravenswoud;;;12;
3;NLD;Friesland;Ooststellingwerf;Waskemeer;;;12;
2;NLD;Friesland;Opsterland;;;;10;
3;NLD;Friesland;Opsterland;Allardsoog;;;12;
3;NLD;Friesland;Opsterland;Bakkeveen;;;12;
3;NLD;Friesland;Opsterland;Beets;;;12;
3;NLD;Friesland;Opsterland;Beetsterzwaag;;;12;
3;NLD;Friesland;Opsterland;Frieschepalen;;;12;
3;NLD;Friesland;Opsterland;Gorredijk;E6.06445324706804;N53.0047541481568;12;
3;NLD;Friesland;Opsterland;Hemrik;;;12;
3;NLD;Friesland;Opsterland;Jonkerslân;;;12;
3;NLD;Friesland;Opsterland;Langezwaag;;;12;
3;NLD;Friesland;Opsterland;Lippenhuizen;;;12;
3;NLD;Friesland;Opsterland;Luxwoude;;;12;
3;NLD;Friesland;Opsterland;Nij Beets;;;12;
3;NLD;Friesland;Opsterland;Olterterp;;;12;
3;NLD;Friesland;Opsterland;Siegerswoude;;;12;
3;NLD;Friesland;Opsterland;Terwispel;;;12;
3;NLD;Friesland;Opsterland;Tijnje;;;12;
3;NLD;Friesland;Opsterland;Ureterp;;;12;
3;NLD;Friesland;Opsterland;Wijnjewoude;;;12;
2;NLD;Friesland;Scharsterland;;;;10;
3;NLD;Friesland;Scharsterland;Akmarijp;;;12;
3;NLD;Friesland;Scharsterland;Boornzwaag;;;12;
3;NLD;Friesland;Scharsterland;Broek;;;12;
3;NLD;Friesland;Scharsterland;Dijken;;;12;
3;NLD;Friesland;Scharsterland;Doniaga;;;12;
3;NLD;Friesland;Scharsterland;Goingarijp;;;12;
3;NLD;Friesland;Scharsterland;Haskerdijken;;;12;
3;NLD;Friesland;Scharsterland;Haskerhorne;;;12;
3;NLD;Friesland;Scharsterland;Idskenhuizen;;;12;
3;NLD;Friesland;Scharsterland;Joure;;;12;
3;NLD;Friesland;Scharsterland;Langweer;;;12;
3;NLD;Friesland;Scharsterland;Legemeer;;;12;
3;NLD;Friesland;Scharsterland;Nieuwebrug;;;12;
3;NLD;Friesland;Scharsterland;Nijehaske;;;12;
3;NLD;Friesland;Scharsterland;Oldeouwer;;;12;
3;NLD;Friesland;Scharsterland;Oudehaske;;;12;
3;NLD;Friesland;Scharsterland;Ouwster-Nijega;;;12;
3;NLD;Friesland;Scharsterland;Ouwsterhaule;;;12;
3;NLD;Friesland;Scharsterland;Rohel;;;12;
3;NLD;Friesland;Scharsterland;Rotstergaast;;;12;
3;NLD;Friesland;Scharsterland;Rotstergast;;;12;
3;NLD;Friesland;Scharsterland;Rotsterhaule;;;12;
3;NLD;Friesland;Scharsterland;Rottum;;;12;
3;NLD;Friesland;Scharsterland;Scharsterbrug;;;12;
3;NLD;Friesland;Scharsterland;Sint Nicolaasga;;;12;
3;NLD;Friesland;Scharsterland;Sintjohannesga;;;12;
3;NLD;Friesland;Scharsterland;Snikzwaag;;;12;
3;NLD;Friesland;Scharsterland;St Johannesga;;;12;
3;NLD;Friesland;Scharsterland;St Nicolaasga;;;12;
3;NLD;Friesland;Scharsterland;Terkaple;;;12;
3;NLD;Friesland;Scharsterland;Teroele;;;12;
3;NLD;Friesland;Scharsterland;Tjerkgaast;;;12;
3;NLD;Friesland;Scharsterland;Vegelinsoord;;;12;
2;NLD;Friesland;Schiermonnikoog;;;;10;
3;NLD;Friesland;Schiermonnikoog;Schiermonnikoog;;;12;
2;NLD;Friesland;Smallingerland;;;;10;
3;NLD;Friesland;Smallingerland;Boornbergum;;;12;
3;NLD;Friesland;Smallingerland;Buitenstverlaat;;;12;
3;NLD;Friesland;Smallingerland;De Tike;;;12;
3;NLD;Friesland;Smallingerland;De Veenhoop;;;12;
3;NLD;Friesland;Smallingerland;De Wilgen;;;12;
3;NLD;Friesland;Smallingerland;Drachten;E6.09856107734896;N53.1028698155841;12;
3;NLD;Friesland;Smallingerland;Drachtster compagnie;;;12;
3;NLD;Friesland;Smallingerland;Drachtstercompagnie;;;12;
3;NLD;Friesland;Smallingerland;Goëngahuizen;;;12;
3;NLD;Friesland;Smallingerland;Houtigehage;;;12;
3;NLD;Friesland;Smallingerland;Kortehemmen;;;12;
3;NLD;Friesland;Smallingerland;Nijega;;;12;
3;NLD;Friesland;Smallingerland;Opeinde;;;12;
3;NLD;Friesland;Smallingerland;Oudega;;;12;
3;NLD;Friesland;Smallingerland;Rottevalle;;;12;
3;NLD;Friesland;Smallingerland;Smalle Ee;;;12;
2;NLD;Friesland;Sneek;;;;10;
3;NLD;Friesland;Sneek;IJsbrechtum;;;12;
3;NLD;Friesland;Sneek;Loënga;;;12;
3;NLD;Friesland;Sneek;Offingawier;;;12;
3;NLD;Friesland;Sneek;Sneek;;;12;
3;NLD;Friesland;Sneek;Ysbrechtum;;;12;
2;NLD;Friesland;Terschelling;;E5.36691292100449;N53.400037685993;10;
3;NLD;Friesland;Terschelling;Baaiduinen;;;12;
3;NLD;Friesland;Terschelling;Formerum;;;12;
3;NLD;Friesland;Terschelling;Hee;;;12;
3;NLD;Friesland;Terschelling;Hoorn;;;12;
3;NLD;Friesland;Terschelling;Horp;;;12;
3;NLD;Friesland;Terschelling;Kaard;;;12;
3;NLD;Friesland;Terschelling;Kaart;;;12;
3;NLD;Friesland;Terschelling;Kinnum;;;12;
3;NLD;Friesland;Terschelling;Kinum;;;12;
3;NLD;Friesland;Terschelling;Landerum;;;12;
3;NLD;Friesland;Terschelling;Lies;;;12;
3;NLD;Friesland;Terschelling;Midsland;;;12;
3;NLD;Friesland;Terschelling;Midsland aan Zee;;;12;
3;NLD;Friesland;Terschelling;Oosterend;;;12;
3;NLD;Friesland;Terschelling;Seerijp;;;12;
3;NLD;Friesland;Terschelling;Seeryp;;;12;
3;NLD;Friesland;Terschelling;Terschelling;;;12;
3;NLD;Friesland;Terschelling;Terschelling Baaiduinen;;;12;
3;NLD;Friesland;Terschelling;Terschelling Formerum;;;12;
3;NLD;Friesland;Terschelling;Terschelling Hee;;;12;
3;NLD;Friesland;Terschelling;Terschelling Hoorn;;;12;
3;NLD;Friesland;Terschelling;Terschelling Kaart;;;12;
3;NLD;Friesland;Terschelling;Terschelling Kinnum;;;12;
3;NLD;Friesland;Terschelling;Terschelling Landerum;;;12;
3;NLD;Friesland;Terschelling;Terschelling Lies;;;12;
3;NLD;Friesland;Terschelling;Terschelling Midsland;;;12;
3;NLD;Friesland;Terschelling;Terschelling Oosterend;;;12;
3;NLD;Friesland;Terschelling;Terschelling Seerijp;;;12;
3;NLD;Friesland;Terschelling;Terschelling West;;;12;
3;NLD;Friesland;Terschelling;West aan Zee;;;12;
3;NLD;Friesland;Terschelling;West-Terschelling;;;12;
2;NLD;Friesland;Tietjerksteradeel;;;;10;
3;NLD;Friesland;Tietjerksteradeel;Aldtsjerk;;;12;
3;NLD;Friesland;Tietjerksteradeel;Bartlehiem;;;12;
3;NLD;Friesland;Tietjerksteradeel;Bergum;;;12;
3;NLD;Friesland;Tietjerksteradeel;Bergum Noord;;;12;
3;NLD;Friesland;Tietjerksteradeel;Bergumerdam;;;12;
3;NLD;Friesland;Tietjerksteradeel;Burgum;;;12;
3;NLD;Friesland;Tietjerksteradeel;Earnewâld;;;12;
3;NLD;Friesland;Tietjerksteradeel;Eastermar;;;12;
3;NLD;Friesland;Tietjerksteradeel;Eernewoude;;;12;
3;NLD;Friesland;Tietjerksteradeel;Eestrum;;;12;
3;NLD;Friesland;Tietjerksteradeel;Garijp;;;12;
3;NLD;Friesland;Tietjerksteradeel;Garyp;;;12;
3;NLD;Friesland;Tietjerksteradeel;Giekerk;;;12;
3;NLD;Friesland;Tietjerksteradeel;Gytsjerk;;;12;
3;NLD;Friesland;Tietjerksteradeel;Hardegarijp;;;12;
3;NLD;Friesland;Tietjerksteradeel;Hurdegarijp;;;12;
3;NLD;Friesland;Tietjerksteradeel;Hurdegaryp;;;12;
3;NLD;Friesland;Tietjerksteradeel;Jistrum;;;12;
3;NLD;Friesland;Tietjerksteradeel;Molenend;;;12;
3;NLD;Friesland;Tietjerksteradeel;Munein;;;12;
3;NLD;Friesland;Tietjerksteradeel;Noardburgum;;;12;
3;NLD;Friesland;Tietjerksteradeel;Noordbergum;;;12;
3;NLD;Friesland;Tietjerksteradeel;Oenkerk;;;12;
3;NLD;Friesland;Tietjerksteradeel;Oentsjerk;;;12;
3;NLD;Friesland;Tietjerksteradeel;Oostermeer;;;12;
3;NLD;Friesland;Tietjerksteradeel;Oudkerk;;;12;
3;NLD;Friesland;Tietjerksteradeel;Rijperkerk;;;12;
3;NLD;Friesland;Tietjerksteradeel;Ryptsjerk;;;12;
3;NLD;Friesland;Tietjerksteradeel;Schuilenburg;;;12;
3;NLD;Friesland;Tietjerksteradeel;Suameer;;;12;
3;NLD;Friesland;Tietjerksteradeel;Suawoude;;;12;
3;NLD;Friesland;Tietjerksteradeel;Sumar;;;12;
3;NLD;Friesland;Tietjerksteradeel;Suwâld;;;12;
3;NLD;Friesland;Tietjerksteradeel;Tergracht;;;12;
3;NLD;Friesland;Tietjerksteradeel;Tietjerk;;;12;
3;NLD;Friesland;Tietjerksteradeel;Tytsjerk;;;12;
3;NLD;Friesland;Tietjerksteradeel;Wijns;;;12;
3;NLD;Friesland;Tietjerksteradeel;Wyns;;;12;
2;NLD;Friesland;Vlieland;;;;10;
3;NLD;Friesland;Vlieland;Oost-Vlieland;;;12;
3;NLD;Friesland;Vlieland;Vlieland;;;12;
2;NLD;Friesland;Weststellingwerf;;;;10;
3;NLD;Friesland;Weststellingwerf;Blesdijke;;;12;
3;NLD;Friesland;Weststellingwerf;Boijl;;;12;
3;NLD;Friesland;Weststellingwerf;De Blesse;;;12;
3;NLD;Friesland;Weststellingwerf;De Hoeve;;;12;
3;NLD;Friesland;Weststellingwerf;Langelille;;;12;
3;NLD;Friesland;Weststellingwerf;Munnekeburen;;;12;
3;NLD;Friesland;Weststellingwerf;Nijeholtpade;;;12;
3;NLD;Friesland;Weststellingwerf;Nijeholtwolde;;;12;
3;NLD;Friesland;Weststellingwerf;Nijelamer;;;12;
3;NLD;Friesland;Weststellingwerf;Nijetrijne;;;12;
3;NLD;Friesland;Weststellingwerf;Noordwolde;;;12;
3;NLD;Friesland;Weststellingwerf;Oldeholtpade;;;12;
3;NLD;Friesland;Weststellingwerf;Oldeholtwolde;;;12;
3;NLD;Friesland;Weststellingwerf;Oldelamer;;;12;
3;NLD;Friesland;Weststellingwerf;Oldetrijne;;;12;
3;NLD;Friesland;Weststellingwerf;Oosterstreek;;;12;
3;NLD;Friesland;Weststellingwerf;Peperga;;;12;
3;NLD;Friesland;Weststellingwerf;Scherpenzeel;;;12;
3;NLD;Friesland;Weststellingwerf;Schoterzijl;;;12;
3;NLD;Friesland;Weststellingwerf;Slijkenburg;;;12;
3;NLD;Friesland;Weststellingwerf;Sonnega;;;12;
3;NLD;Friesland;Weststellingwerf;Spanga;;;12;
3;NLD;Friesland;Weststellingwerf;Steggerda;;;12;
3;NLD;Friesland;Weststellingwerf;Ter Idzard;;;12;
3;NLD;Friesland;Weststellingwerf;Vinkega;;;12;
3;NLD;Friesland;Weststellingwerf;Wolvega;;;12;
3;NLD;Friesland;Weststellingwerf;Zandhuizen;;;12;
2;NLD;Friesland;Wonseradeel;;;;10;
3;NLD;Friesland;Wonseradeel;Allenga;;;12;
3;NLD;Friesland;Wonseradeel;Allingawier;;;12;
3;NLD;Friesland;Wonseradeel;Arkum;;;12;
3;NLD;Friesland;Wonseradeel;Arum;;;12;
3;NLD;Friesland;Wonseradeel;Atzeburen;;;12;
3;NLD;Friesland;Wonseradeel;Baarderburen;;;12;
3;NLD;Friesland;Wonseradeel;Baburen;;;12;
3;NLD;Friesland;Wonseradeel;Breezanddijk;;;12;
3;NLD;Friesland;Wonseradeel;Burgwerd;;;12;
3;NLD;Friesland;Wonseradeel;Cornwerd;;;12;
3;NLD;Friesland;Wonseradeel;De Blokken;;;12;
3;NLD;Friesland;Wonseradeel;Dedgum;;;12;
3;NLD;Friesland;Wonseradeel;Dijksterburen;;;12;
3;NLD;Friesland;Wonseradeel;Doniaburen;;;12;
3;NLD;Friesland;Wonseradeel;Eemswoude;;;12;
3;NLD;Friesland;Wonseradeel;Engwier;;;12;
3;NLD;Friesland;Wonseradeel;Exmorra;;;12;
3;NLD;Friesland;Wonseradeel;Exmorrazijl;;;12;
3;NLD;Friesland;Wonseradeel;Ferwoude;;;12;
3;NLD;Friesland;Wonseradeel;Gaast;;;12;
3;NLD;Friesland;Wonseradeel;Gooium;;;12;
3;NLD;Friesland;Wonseradeel;Grauwe Kat;;;12;
3;NLD;Friesland;Wonseradeel;Harkezijl;;;12;
3;NLD;Friesland;Wonseradeel;Hartwerd;;;12;
3;NLD;Friesland;Wonseradeel;Hayum;;;12;
3;NLD;Friesland;Wonseradeel;Hemert;;;12;
3;NLD;Friesland;Wonseradeel;Hichtum;;;12;
3;NLD;Friesland;Wonseradeel;Hieslum;;;12;
3;NLD;Friesland;Wonseradeel;Idsegahuizum;;;12;
3;NLD;Friesland;Wonseradeel;Idserdaburen;;;12;
3;NLD;Friesland;Wonseradeel;It Fliet;;;12;
3;NLD;Friesland;Wonseradeel;Jonkershuizen;;;12;
3;NLD;Friesland;Wonseradeel;Jousterp;;;12;
3;NLD;Friesland;Wonseradeel;Kampen;;;12;
3;NLD;Friesland;Wonseradeel;Kimswerd;;;12;
3;NLD;Friesland;Wonseradeel;Kooihuizen;;;12;
3;NLD;Friesland;Wonseradeel;Kornwerderzand;;;12;
3;NLD;Friesland;Wonseradeel;Koudehuizum;;;12;
3;NLD;Friesland;Wonseradeel;Lollum;;;12;
3;NLD;Friesland;Wonseradeel;Longerhouw;;;12;
3;NLD;Friesland;Wonseradeel;Makkum;;;12;
3;NLD;Friesland;Wonseradeel;Oosthem;;;12;
3;NLD;Friesland;Wonseradeel;Parrega;;;12;
3;NLD;Friesland;Wonseradeel;Piaam;;;12;
3;NLD;Friesland;Wonseradeel;Pingjum;;;12;
3;NLD;Friesland;Wonseradeel;Rijtseterp;;;12;
3;NLD;Friesland;Wonseradeel;Scharneburen;;;12;
3;NLD;Friesland;Wonseradeel;Schettens;;;12;
3;NLD;Friesland;Wonseradeel;Schraard;;;12;
3;NLD;Friesland;Wonseradeel;Strand;;;12;
3;NLD;Friesland;Wonseradeel;Tjerkwerd;;;12;
3;NLD;Friesland;Wonseradeel;Vierhuizen;;;12;
3;NLD;Friesland;Wonseradeel;Witmarsum;;;12;
3;NLD;Friesland;Wonseradeel;Wonneburen;;;12;
3;NLD;Friesland;Wonseradeel;Wons;;;12;
3;NLD;Friesland;Wonseradeel;Zurich;;;12;
2;NLD;Friesland;Wymbritseradeel;;;;10;
3;NLD;Friesland;Wymbritseradeel;Abbega;;;12;
3;NLD;Friesland;Wymbritseradeel;Blauwhuis;;;12;
3;NLD;Friesland;Wymbritseradeel;Folsgare;;;12;
3;NLD;Friesland;Wymbritseradeel;Gaastmeer;;;12;
3;NLD;Friesland;Wymbritseradeel;Gauw;E5.71392153556064;N53.0592180765985;12;
3;NLD;Friesland;Wymbritseradeel;Goënga;;;12;
3;NLD;Friesland;Wymbritseradeel;Greonterp;;;12;
3;NLD;Friesland;Wymbritseradeel;Heeg;;;12;
3;NLD;Friesland;Wymbritseradeel;Hommerts;;;12;
3;NLD;Friesland;Wymbritseradeel;Idzega;;;12;
3;NLD;Friesland;Wymbritseradeel;IJlst;;;12;
3;NLD;Friesland;Wymbritseradeel;IJpecolsga;;;12;
3;NLD;Friesland;Wymbritseradeel;Indijk;;;12;
3;NLD;Friesland;Wymbritseradeel;Jutrijp;;;12;
3;NLD;Friesland;Wymbritseradeel;Koufurderigge;;;12;
3;NLD;Friesland;Wymbritseradeel;Koufurdurigge;;;12;
3;NLD;Friesland;Wymbritseradeel;Nijezijl;;;12;
3;NLD;Friesland;Wymbritseradeel;Nijland;;;12;
3;NLD;Friesland;Wymbritseradeel;Oosthem;;;12;
3;NLD;Friesland;Wymbritseradeel;Oppenhuizen;;;12;
3;NLD;Friesland;Wymbritseradeel;Osingahuizen;;;12;
3;NLD;Friesland;Wymbritseradeel;Oudega;;;12;
3;NLD;Friesland;Wymbritseradeel;Sandfirden;;;12;
3;NLD;Friesland;Wymbritseradeel;Scharnegoutum;;;12;
3;NLD;Friesland;Wymbritseradeel;Smallebrugge;;;12;
3;NLD;Friesland;Wymbritseradeel;Tirns;;;12;
3;NLD;Friesland;Wymbritseradeel;Tjalhuizum;;;12;
3;NLD;Friesland;Wymbritseradeel;Uitwellingerga;;;12;
3;NLD;Friesland;Wymbritseradeel;Westhem;;;12;
3;NLD;Friesland;Wymbritseradeel;Wolsum;;;12;
3;NLD;Friesland;Wymbritseradeel;Woudsend;;;12;
3;NLD;Friesland;Wymbritseradeel;Ypecolsga;;;12;
1;NLD;Gelderland;;;;;7;places/NLD/flags/GE.gif
2;NLD;Gelderland;Aalten;;;;10;
3;NLD;Gelderland;Aalten;'t Klooster;;;12;
3;NLD;Gelderland;Aalten;Aalten;;;12;
3;NLD;Gelderland;Aalten;Achterheurne;;;12;
3;NLD;Gelderland;Aalten;Barlo;;;12;
3;NLD;Gelderland;Aalten;Bredevoort;;;12;
3;NLD;Gelderland;Aalten;Dale;;;12;
3;NLD;Gelderland;Aalten;De Heurne;;;12;
3;NLD;Gelderland;Aalten;Dinxperlo;;;12;
3;NLD;Gelderland;Aalten;Haart;;;12;
3;NLD;Gelderland;Aalten;Heurne;;;12;
3;NLD;Gelderland;Aalten;IJzerlo;;;12;
3;NLD;Gelderland;Aalten;Lintelo;;;12;
2;NLD;Gelderland;Apeldoorn;;;;10;
3;NLD;Gelderland;Apeldoorn;Apeldoorn;;;12;
3;NLD;Gelderland;Apeldoorn;Assel;;;12;
3;NLD;Gelderland;Apeldoorn;Beekbergen;;;12;
3;NLD;Gelderland;Apeldoorn;Beemte;;;12;
3;NLD;Gelderland;Apeldoorn;Beemte Broekland;;;12;
3;NLD;Gelderland;Apeldoorn;Brink en Orden;;;12;
3;NLD;Gelderland;Apeldoorn;Broekland;;;12;
3;NLD;Gelderland;Apeldoorn;De Kar;;;12;
3;NLD;Gelderland;Apeldoorn;Engeland;;;12;
3;NLD;Gelderland;Apeldoorn;Groenendaal;;;12;
3;NLD;Gelderland;Apeldoorn;Het Loo;;;12;
3;NLD;Gelderland;Apeldoorn;Hoenderloo;;;12;
3;NLD;Gelderland;Apeldoorn;Hoog Buurlo;;;12;
3;NLD;Gelderland;Apeldoorn;Hoog Soeren;;;12;
3;NLD;Gelderland;Apeldoorn;Hooilanden;;;12;
3;NLD;Gelderland;Apeldoorn;Klarenbeek;;;12;
3;NLD;Gelderland;Apeldoorn;Lieren;;;12;
3;NLD;Gelderland;Apeldoorn;Loenen;;;12;
3;NLD;Gelderland;Apeldoorn;Meerveld;;;12;
3;NLD;Gelderland;Apeldoorn;Millingen Legerplaats;;;12;
3;NLD;Gelderland;Apeldoorn;Nieuw-Milligen;;;12;
3;NLD;Gelderland;Apeldoorn;Oosterhuizen;;;12;
3;NLD;Gelderland;Apeldoorn;Radio Kootwijk;;;12;
3;NLD;Gelderland;Apeldoorn;Uddel;;;12;
3;NLD;Gelderland;Apeldoorn;Ugchelen;;;12;
3;NLD;Gelderland;Apeldoorn;Wenum;;;12;
3;NLD;Gelderland;Apeldoorn;Wenum Wiesel;;;12;
3;NLD;Gelderland;Apeldoorn;Wiesel;;;12;
3;NLD;Gelderland;Apeldoorn;Woeste Hoeve;;;12;
3;NLD;Gelderland;Apeldoorn;Woudhuizen;;;12;
3;NLD;Gelderland;Apeldoorn;Zilven;;;12;
2;NLD;Gelderland;Arnhem;;;;10;
3;NLD;Gelderland;Arnhem;Arnhem;E5.90542552573581;N51.9846893012775;12;
3;NLD;Gelderland;Arnhem;Elden;;;12;
3;NLD;Gelderland;Arnhem;Schaarsbergen;;;12;
2;NLD;Gelderland;Barneveld;;;;10;
3;NLD;Gelderland;Barneveld;Achterveld;;;12;
3;NLD;Gelderland;Barneveld;Barneveld;;;12;
3;NLD;Gelderland;Barneveld;De Glind;;;12;
3;NLD;Gelderland;Barneveld;Garderen;;;12;
3;NLD;Gelderland;Barneveld;Kootwijk;;;12;
3;NLD;Gelderland;Barneveld;Kootwijkerbroek;;;12;
3;NLD;Gelderland;Barneveld;Oud Milligen;;;12;
3;NLD;Gelderland;Barneveld;Stroe;;;12;
3;NLD;Gelderland;Barneveld;Terschuur;;;12;
3;NLD;Gelderland;Barneveld;Voorthuizen;;;12;
3;NLD;Gelderland;Barneveld;Zwartebroek;;;12;
2;NLD;Gelderland;Berkelland;;;;10;
3;NLD;Gelderland;Berkelland;Achterveld;;;12;
3;NLD;Gelderland;Berkelland;Avest;;;12;
3;NLD;Gelderland;Berkelland;Beltrum;;;12;
3;NLD;Gelderland;Berkelland;Borculo;;;12;
3;NLD;Gelderland;Berkelland;Boschhoek;;;12;
3;NLD;Gelderland;Berkelland;Brinkmanshoek;;;12;
3;NLD;Gelderland;Berkelland;Broeke;;;12;
3;NLD;Gelderland;Berkelland;Brouwershoek;;;12;
3;NLD;Gelderland;Berkelland;De Bruil;;;12;
3;NLD;Gelderland;Berkelland;De Haar;;;12;
3;NLD;Gelderland;Berkelland;Eibergen;;;12;
3;NLD;Gelderland;Berkelland;Geesteren;;;12;
3;NLD;Gelderland;Berkelland;Gelselaar;;;12;
3;NLD;Gelderland;Berkelland;Haarlo;;;12;
3;NLD;Gelderland;Berkelland;Heurne;;;12;
3;NLD;Gelderland;Berkelland;Holterhoek;;;12;
3;NLD;Gelderland;Berkelland;Hoonte;;;12;
3;NLD;Gelderland;Berkelland;Hupsel;;;12;
3;NLD;Gelderland;Berkelland;Lintvelde;;;12;
3;NLD;Gelderland;Berkelland;Lochuizen;;;12;
3;NLD;Gelderland;Berkelland;Loo;;;12;
3;NLD;Gelderland;Berkelland;Mallem;;;12;
3;NLD;Gelderland;Berkelland;Mariënvelde;;;12;
3;NLD;Gelderland;Berkelland;Neede;;;12;
3;NLD;Gelderland;Berkelland;Noordijk;;;12;
3;NLD;Gelderland;Berkelland;Noordijkerveld;;;12;
3;NLD;Gelderland;Berkelland;Olden Eibergen;;;12;
3;NLD;Gelderland;Berkelland;Rekken;;;12;
3;NLD;Gelderland;Berkelland;Rietmolen;;;12;
3;NLD;Gelderland;Berkelland;Ruurlo;;;12;
3;NLD;Gelderland;Berkelland;Ruurlosebroek;;;12;
3;NLD;Gelderland;Berkelland;Veldhoek;;;12;
3;NLD;Gelderland;Berkelland;Voor-Beltrum;;;12;
3;NLD;Gelderland;Berkelland;Zwilbroek;;;12;
3;NLD;Gelderland;Berkelland;Zwolle;;;12;
2;NLD;Gelderland;Beuningen;;;;10;
3;NLD;Gelderland;Beuningen;Beuningen;;;12;
3;NLD;Gelderland;Beuningen;Ewijk;;;12;
3;NLD;Gelderland;Beuningen;Weurt;;;12;
3;NLD;Gelderland;Beuningen;Winssen;;;12;
2;NLD;Gelderland;Bommelerwaard;;;;10;
3;NLD;Gelderland;Bommelerwaard;Gameren;E5.20109727229774;N51.801189439036;12;
3;NLD;Gelderland;Bommelerwaard;Hedel;E5.25934725997372;N51.7450316236801;12;
3;NLD;Gelderland;Bommelerwaard;Heerewaarden;E5.39154052734375;N51.817210992860566;12;
3;NLD;Gelderland;Bommelerwaard;Hoenzadriel;E5.32223665364344;N51.7507963033396;12;
3;NLD;Gelderland;Bommelerwaard;Kerkdriel;E5.33538177958795;N51.7710170783774;12;
3;NLD;Gelderland;Bommelerwaard;Nederhemert;E5.16716105051971;N51.7652558138125;12;
3;NLD;Gelderland;Bommelerwaard;Rossum;E5.33306207659108;N51.7998131559182;12;
3;NLD;Gelderland;Bommelerwaard;Zaltbommel;E5.24934304524098;N51.807491193128;12;
2;NLD;Gelderland;Bronckhorst;;;;10;
3;NLD;Gelderland;Bronckhorst;Achter-Drempt;;;12;
3;NLD;Gelderland;Bronckhorst;Baak;;;12;
3;NLD;Gelderland;Bronckhorst;Bekveld;;;12;
3;NLD;Gelderland;Bronckhorst;Bronkhorst;;;12;
3;NLD;Gelderland;Bronckhorst;De Meene;;;12;
3;NLD;Gelderland;Bronckhorst;Delden;;;12;
3;NLD;Gelderland;Bronckhorst;Drempt;;;12;
3;NLD;Gelderland;Bronckhorst;Dunsborg;;;12;
3;NLD;Gelderland;Bronckhorst;Eldrik;;;12;
3;NLD;Gelderland;Bronckhorst;Gooi;;;12;
3;NLD;Gelderland;Bronckhorst;Halle;;;12;
3;NLD;Gelderland;Bronckhorst;Halle-Heide;;;12;
3;NLD;Gelderland;Bronckhorst;Halle-Nijman;;;12;
3;NLD;Gelderland;Bronckhorst;Heidenhoek;;;12;
3;NLD;Gelderland;Bronckhorst;Hengelo;;;12;
3;NLD;Gelderland;Bronckhorst;Heurne;;;12;
3;NLD;Gelderland;Bronckhorst;Hoog-Keppel;;;12;
3;NLD;Gelderland;Bronckhorst;Hummelo;;;12;
3;NLD;Gelderland;Bronckhorst;Keijenborg;;;12;
3;NLD;Gelderland;Bronckhorst;Kranenburg;;;12;
3;NLD;Gelderland;Bronckhorst;Laag-Keppel;;;12;
3;NLD;Gelderland;Bronckhorst;Linde;;;12;
3;NLD;Gelderland;Bronckhorst;Medler;;;12;
3;NLD;Gelderland;Bronckhorst;Mossel;;;12;
3;NLD;Gelderland;Bronckhorst;Noordink;;;12;
3;NLD;Gelderland;Bronckhorst;Olburgen;;;12;
3;NLD;Gelderland;Bronckhorst;Oosterwijk;;;12;
3;NLD;Gelderland;Bronckhorst;Rha;;;12;
3;NLD;Gelderland;Bronckhorst;Steenderen;;;12;
3;NLD;Gelderland;Bronckhorst;Toldijk;;;12;
3;NLD;Gelderland;Bronckhorst;Varssel;;;12;
3;NLD;Gelderland;Bronckhorst;Veldhoek;;;12;
3;NLD;Gelderland;Bronckhorst;Veldwijk;;;12;
3;NLD;Gelderland;Bronckhorst;Velswijk;;;12;
3;NLD;Gelderland;Bronckhorst;Vierakker;;;12;
3;NLD;Gelderland;Bronckhorst;Voor-Drempt;;;12;
3;NLD;Gelderland;Bronckhorst;Vorden;;;12;
3;NLD;Gelderland;Bronckhorst;Wassinkbrink;;;12;
3;NLD;Gelderland;Bronckhorst;Wichmond;;;12;
3;NLD;Gelderland;Bronckhorst;Wildenborch;;;12;
3;NLD;Gelderland;Bronckhorst;Winkelshoek;;;12;
3;NLD;Gelderland;Bronckhorst;Wittebrink;;;12;
3;NLD;Gelderland;Bronckhorst;Zelhem;;;12;
2;NLD;Gelderland;Brummen;;;;10;
3;NLD;Gelderland;Brummen;Brummen;;;12;
3;NLD;Gelderland;Brummen;Coldenhove;;;12;
3;NLD;Gelderland;Brummen;Cortenoever;;;12;
3;NLD;Gelderland;Brummen;Eerbeek;;;12;
3;NLD;Gelderland;Brummen;Empe;;;12;
3;NLD;Gelderland;Brummen;Hall;;;12;
3;NLD;Gelderland;Brummen;Leuvenheim;;;12;
3;NLD;Gelderland;Brummen;Oeken;;;12;
3;NLD;Gelderland;Brummen;Rhienderen;;;12;
3;NLD;Gelderland;Brummen;Tonden;;;12;
3;NLD;Gelderland;Brummen;Voorstonden;;;12;
2;NLD;Gelderland;Buren;;;;10;
3;NLD;Gelderland;Buren;Aalst;;;12;
3;NLD;Gelderland;Buren;Asch;;;12;
3;NLD;Gelderland;Buren;Beusichem;;;12;
3;NLD;Gelderland;Buren;Bontemorgen;;;12;
3;NLD;Gelderland;Buren;Buren;;;12;
3;NLD;Gelderland;Buren;De Mars;;;12;
3;NLD;Gelderland;Buren;Den Eng;;;12;
3;NLD;Gelderland;Buren;Eck en Wiel;;;12;
3;NLD;Gelderland;Buren;Erichem;;;12;
3;NLD;Gelderland;Buren;Essenbroek;;;12;
3;NLD;Gelderland;Buren;Ganzert;;;12;
3;NLD;Gelderland;Buren;Hoog Kana;;;12;
3;NLD;Gelderland;Buren;Hoogmeien;;;12;
3;NLD;Gelderland;Buren;Ingen;;;12;
3;NLD;Gelderland;Buren;Kapel-Avezaath;;;12;
3;NLD;Gelderland;Buren;Kerk-Avezaath;;;12;
3;NLD;Gelderland;Buren;Klinkenberg;;;12;
3;NLD;Gelderland;Buren;Leutes;;;12;
3;NLD;Gelderland;Buren;Lienden;;;12;
3;NLD;Gelderland;Buren;Luchtenburg;;;12;
3;NLD;Gelderland;Buren;Maurik;;;12;
3;NLD;Gelderland;Buren;Meerten;;;12;
3;NLD;Gelderland;Buren;Meertenwei;;;12;
3;NLD;Gelderland;Buren;Ommeren;;;12;
3;NLD;Gelderland;Buren;Ommerenveld;;;12;
3;NLD;Gelderland;Buren;Ravenswaaij;;;12;
3;NLD;Gelderland;Buren;Ravenswaay;;;12;
3;NLD;Gelderland;Buren;Rijswijk;;;12;
3;NLD;Gelderland;Buren;Zevenmorgen;;;12;
3;NLD;Gelderland;Buren;Zoelen;;;12;
3;NLD;Gelderland;Buren;Zoelmond;;;12;
3;NLD;Gelderland;Buren;Zwarte Paard;;;12;
2;NLD;Gelderland;Culemborg;;;;10;
3;NLD;Gelderland;Culemborg;Culemborg;;;12;
2;NLD;Gelderland;Doesburg;;;;10;
3;NLD;Gelderland;Doesburg;Doesburg;;;12;
2;NLD;Gelderland;Doetinchem;;;;10;
3;NLD;Gelderland;Doetinchem;Dichteren;;;12;
3;NLD;Gelderland;Doetinchem;Doetinchem;;;12;
3;NLD;Gelderland;Doetinchem;Gaanderen;;;12;
3;NLD;Gelderland;Doetinchem;IJzevoorde;;;12;
3;NLD;Gelderland;Doetinchem;Langerak;;;12;
3;NLD;Gelderland;Doetinchem;Nieuw-Wehl;;;12;
3;NLD;Gelderland;Doetinchem;Slangenburg;;;12;
3;NLD;Gelderland;Doetinchem;Wehl;;;12;
3;NLD;Gelderland;Doetinchem;Wijnbergen;;;12;
2;NLD;Gelderland;Driel;;E5.81495668197123;N51.9604592051969;10;
2;NLD;Gelderland;Druten;;;;10;
3;NLD;Gelderland;Druten;Afferden;;;12;
3;NLD;Gelderland;Druten;Deest;;;12;
3;NLD;Gelderland;Druten;Druten;;;12;
3;NLD;Gelderland;Druten;Horssen;;;12;
3;NLD;Gelderland;Druten;Puiflijk;;;12;
2;NLD;Gelderland;Duiven;;;;10;
3;NLD;Gelderland;Duiven;Duiven;;;12;
3;NLD;Gelderland;Duiven;Groessen;;;12;
3;NLD;Gelderland;Duiven;Loo;;;12;
2;NLD;Gelderland;Ede;;;;10;
3;NLD;Gelderland;Ede;Bennekom;;;12;
3;NLD;Gelderland;Ede;De Klomp;;;12;
3;NLD;Gelderland;Ede;Deelen;;;12;
3;NLD;Gelderland;Ede;Ede;E5.66984717862019;N52.0462873623073;12;
3;NLD;Gelderland;Ede;Ederveen;;;12;
3;NLD;Gelderland;Ede;Harskamp;;;12;
3;NLD;Gelderland;Ede;Hoenderloo;;;12;
3;NLD;Gelderland;Ede;Lunteren;E5.61898617496569;N52.0868416105042;12;
3;NLD;Gelderland;Ede;Otterlo;;;12;
3;NLD;Gelderland;Ede;Wekerom;;;12;
2;NLD;Gelderland;Elburg;;;;10;
3;NLD;Gelderland;Elburg;'t Harde;;;12;
3;NLD;Gelderland;Elburg;Aperlo;;;12;
3;NLD;Gelderland;Elburg;Doornspijk;;;12;
3;NLD;Gelderland;Elburg;Elburg;;;12;
3;NLD;Gelderland;Elburg;Hoge Enk;;;12;
3;NLD;Gelderland;Elburg;Oostendorp;;;12;
2;NLD;Gelderland;Epe;;;;10;
3;NLD;Gelderland;Epe;'t Laar;;;12;
3;NLD;Gelderland;Epe;Boshoek;;;12;
3;NLD;Gelderland;Epe;Dijkhuizen;;;12;
3;NLD;Gelderland;Epe;Emst;;;12;
3;NLD;Gelderland;Epe;Epe;E5.98635686409811;N52.3519724786112;12;
3;NLD;Gelderland;Epe;Geerstraat;;;12;
3;NLD;Gelderland;Epe;Gortel;;;12;
3;NLD;Gelderland;Epe;Hanendorp;;;12;
3;NLD;Gelderland;Epe;Hegge;;;12;
3;NLD;Gelderland;Epe;Jonas;;;12;
3;NLD;Gelderland;Epe;Laarstraat;;;12;
3;NLD;Gelderland;Epe;Loobrink;;;12;
3;NLD;Gelderland;Epe;Niersen;;;12;
3;NLD;Gelderland;Epe;Oene;;;12;
3;NLD;Gelderland;Epe;Oosterhof;;;12;
3;NLD;Gelderland;Epe;Schaveren;;;12;
3;NLD;Gelderland;Epe;Tongeren;;;12;
3;NLD;Gelderland;Epe;Vaassen;;;12;
3;NLD;Gelderland;Epe;Vemde;;;12;
3;NLD;Gelderland;Epe;Westendorp;;;12;
3;NLD;Gelderland;Epe;Wijnbergen;;;12;
3;NLD;Gelderland;Epe;Wissel;;;12;
3;NLD;Gelderland;Epe;Zuuk;;;12;
2;NLD;Gelderland;Ermelo;;;;10;
3;NLD;Gelderland;Ermelo;De Beek;;;12;
3;NLD;Gelderland;Ermelo;Drie;;;12;
3;NLD;Gelderland;Ermelo;Ermelo;E5.63144315935132;N52.2978432294389;12;
3;NLD;Gelderland;Ermelo;Horst;;;12;
3;NLD;Gelderland;Ermelo;Houtdorp;;;12;
3;NLD;Gelderland;Ermelo;Leuvenum;;;12;
3;NLD;Gelderland;Ermelo;Speuld;;;12;
3;NLD;Gelderland;Ermelo;Staverden;;;12;
3;NLD;Gelderland;Ermelo;Telgt;;;12;
3;NLD;Gelderland;Ermelo;Tonsel;;;12;
2;NLD;Gelderland;Geldermalsen;;;;10;
3;NLD;Gelderland;Geldermalsen;Acquoy;;;12;
3;NLD;Gelderland;Geldermalsen;Beesd;;;12;
3;NLD;Gelderland;Geldermalsen;Buurmalsen;;;12;
3;NLD;Gelderland;Geldermalsen;Deil;;;12;
3;NLD;Gelderland;Geldermalsen;Enspijk;;;12;
3;NLD;Gelderland;Geldermalsen;Geldermalsen;;;12;
3;NLD;Gelderland;Geldermalsen;Gellicum;;;12;
3;NLD;Gelderland;Geldermalsen;Meteren;;;12;
3;NLD;Gelderland;Geldermalsen;Rhenoy;;;12;
3;NLD;Gelderland;Geldermalsen;Rumpt;;;12;
3;NLD;Gelderland;Geldermalsen;Tricht;;;12;
2;NLD;Gelderland;Groesbeek;;;;10;
3;NLD;Gelderland;Groesbeek;Berg en Dal;;;12;
3;NLD;Gelderland;Groesbeek;Breedeweg;;;12;
3;NLD;Gelderland;Groesbeek;De Horst;;;12;
3;NLD;Gelderland;Groesbeek;Groesbeek;;;12;
3;NLD;Gelderland;Groesbeek;Heilig Land-Stichting;;;12;
3;NLD;Gelderland;Groesbeek;Heilig Landstichting;;;12;
2;NLD;Gelderland;Harderwijk;;;;10;
3;NLD;Gelderland;Harderwijk;Harderwijk;;;12;
3;NLD;Gelderland;Harderwijk;Hierden;;;12;
2;NLD;Gelderland;Hattem;;;;10;
3;NLD;Gelderland;Hattem;Hattem;;;12;
2;NLD;Gelderland;Heerde;;;;10;
3;NLD;Gelderland;Heerde;Berghuizen;;;12;
3;NLD;Gelderland;Heerde;Heerde;;;12;
3;NLD;Gelderland;Heerde;Hoorn;;;12;
3;NLD;Gelderland;Heerde;Veessen;;;12;
3;NLD;Gelderland;Heerde;Vorchten;;;12;
3;NLD;Gelderland;Heerde;Wapenveld;;;12;
2;NLD;Gelderland;Heumen;;;;10;
3;NLD;Gelderland;Heumen;Blankenberg;;;12;
3;NLD;Gelderland;Heumen;De Schatkuil;;;12;
3;NLD;Gelderland;Heumen;Ewijk;;;12;
3;NLD;Gelderland;Heumen;Heide;;;12;
3;NLD;Gelderland;Heumen;Heumen;;;12;
3;NLD;Gelderland;Heumen;Malden;;;12;
3;NLD;Gelderland;Heumen;Molenhoek;;;12;
3;NLD;Gelderland;Heumen;Nederasselt;;;12;
3;NLD;Gelderland;Heumen;Overasselt;;;12;
3;NLD;Gelderland;Heumen;Schoonenburg;;;12;
3;NLD;Gelderland;Heumen;Sleeburg;;;12;
3;NLD;Gelderland;Heumen;Valenberg;;;12;
3;NLD;Gelderland;Heumen;Vogelenzang;;;12;
3;NLD;Gelderland;Heumen;Vosseneind;;;12;
3;NLD;Gelderland;Heumen;Worsum;;;12;
2;NLD;Gelderland;Lingewaal;;;;10;
3;NLD;Gelderland;Lingewaal;Asperen;;;12;
3;NLD;Gelderland;Lingewaal;Herwijnen;;;12;
3;NLD;Gelderland;Lingewaal;Heukelum;;;12;
3;NLD;Gelderland;Lingewaal;Spijk;;;12;
3;NLD;Gelderland;Lingewaal;Vuren;;;12;
2;NLD;Gelderland;Lingewaard;;;;10;
3;NLD;Gelderland;Lingewaard;Angeren;;;12;
3;NLD;Gelderland;Lingewaard;Bemmel;;;12;
3;NLD;Gelderland;Lingewaard;Doornenburg;;;12;
3;NLD;Gelderland;Lingewaard;Flieren;;;12;
3;NLD;Gelderland;Lingewaard;Gendt;;;12;
3;NLD;Gelderland;Lingewaard;Haalderen;;;12;
3;NLD;Gelderland;Lingewaard;Huissen;;;12;
3;NLD;Gelderland;Lingewaard;Huissen-stad;;;12;
3;NLD;Gelderland;Lingewaard;Huissen-zand;;;12;
3;NLD;Gelderland;Lingewaard;Hulhuizen;;;12;
3;NLD;Gelderland;Lingewaard;Kapel;;;12;
3;NLD;Gelderland;Lingewaard;Kommerdijk;;;12;
3;NLD;Gelderland;Lingewaard;Ressen;;;12;
3;NLD;Gelderland;Lingewaard;Zandvoort;;;12;
3;NLD;Gelderland;Lingewaard;Zilverkamp;;;12;
2;NLD;Gelderland;Lochem;;;;10;
3;NLD;Gelderland;Lochem;Almen;;;12;
3;NLD;Gelderland;Lochem;Ampsen;;;12;
3;NLD;Gelderland;Lochem;Armhoede;;;12;
3;NLD;Gelderland;Lochem;Barchem;;;12;
3;NLD;Gelderland;Lochem;Boschheurne;;;12;
3;NLD;Gelderland;Lochem;Eefde;;;12;
3;NLD;Gelderland;Lochem;Epse;;;12;
3;NLD;Gelderland;Lochem;Exel;;;12;
3;NLD;Gelderland;Lochem;Gorssel;;;12;
3;NLD;Gelderland;Lochem;Groot Dochteren;;;12;
3;NLD;Gelderland;Lochem;Harfsen;;;12;
3;NLD;Gelderland;Lochem;Joppe;;;12;
3;NLD;Gelderland;Lochem;Klein Dochteren;;;12;
3;NLD;Gelderland;Lochem;Kring van Dorth;;;12;
3;NLD;Gelderland;Lochem;Laren;;;12;
3;NLD;Gelderland;Lochem;Lochem;;;12;
3;NLD;Gelderland;Lochem;Nettelhorst;;;12;
3;NLD;Gelderland;Lochem;Oolde;;;12;
3;NLD;Gelderland;Lochem;Verwolde;;;12;
3;NLD;Gelderland;Lochem;Warken;;;12;
2;NLD;Gelderland;Maasdriel;;;;10;
3;NLD;Gelderland;Maasdriel;Alem;;;12;
3;NLD;Gelderland;Maasdriel;Ammerzoden;;;12;
3;NLD;Gelderland;Maasdriel;Hedel;;;12;
3;NLD;Gelderland;Maasdriel;Heerewaarden;;;12;
3;NLD;Gelderland;Maasdriel;Hoenzadriel;;;12;
3;NLD;Gelderland;Maasdriel;Hurwenen;;;12;
3;NLD;Gelderland;Maasdriel;Kerkdriel;;;12;
3;NLD;Gelderland;Maasdriel;Rossum;;;12;
3;NLD;Gelderland;Maasdriel;Slijkwell;;;12;
3;NLD;Gelderland;Maasdriel;Velddriel;;;12;
3;NLD;Gelderland;Maasdriel;Well;;;12;
3;NLD;Gelderland;Maasdriel;Wellseind;;;12;
3;NLD;Gelderland;Maasdriel;Wordragen;;;12;
2;NLD;Gelderland;Millingen aan de Rijn;;;;10;
3;NLD;Gelderland;Millingen aan de Rijn;Millingen aan de Rijn;;;12;
2;NLD;Gelderland;Montferland;;;;10;
3;NLD;Gelderland;Montferland;'s-Heerenberg;;;12;
3;NLD;Gelderland;Montferland;Azewijn;;;12;
3;NLD;Gelderland;Montferland;Beek;;;12;
3;NLD;Gelderland;Montferland;Braamt;;;12;
3;NLD;Gelderland;Montferland;Didam;;;12;
3;NLD;Gelderland;Montferland;Greffelkamp;;;12;
3;NLD;Gelderland;Montferland;Heide;;;12;
3;NLD;Gelderland;Montferland;Holthuizen;;;12;
3;NLD;Gelderland;Montferland;Kilder;;;12;
3;NLD;Gelderland;Montferland;Lengel;;;12;
3;NLD;Gelderland;Montferland;Loerbeek;;;12;
3;NLD;Gelderland;Montferland;Loil;;;12;
3;NLD;Gelderland;Montferland;Nieuw-Dijk;;;12;
3;NLD;Gelderland;Montferland;Oost-Friesland;;;12;
3;NLD;Gelderland;Montferland;Oud-Dijk;;;12;
3;NLD;Gelderland;Montferland;Stokkum;;;12;
3;NLD;Gelderland;Montferland;Vethuizen;;;12;
3;NLD;Gelderland;Montferland;Wijnbergen;;;12;
3;NLD;Gelderland;Montferland;Zeddam;;;12;
2;NLD;Gelderland;Neder-Betuwe;;;;10;
3;NLD;Gelderland;Neder-Betuwe;Dodewaard;;;12;
3;NLD;Gelderland;Neder-Betuwe;Echteld;;;12;
3;NLD;Gelderland;Neder-Betuwe;Eldik;;;12;
3;NLD;Gelderland;Neder-Betuwe;Hien;;;12;
3;NLD;Gelderland;Neder-Betuwe;IJzendoorn;;;12;
3;NLD;Gelderland;Neder-Betuwe;Kesteren;;;12;
3;NLD;Gelderland;Neder-Betuwe;Ochten;;;12;
3;NLD;Gelderland;Neder-Betuwe;Opheusden;;;12;
2;NLD;Gelderland;Neerijnen;;;;10;
3;NLD;Gelderland;Neerijnen;Est;;;12;
3;NLD;Gelderland;Neerijnen;Haaften;;;12;
3;NLD;Gelderland;Neerijnen;Heesselt;;;12;
3;NLD;Gelderland;Neerijnen;Hellouw;;;12;
3;NLD;Gelderland;Neerijnen;Neerijnen;;;12;
3;NLD;Gelderland;Neerijnen;Ophemert;;;12;
3;NLD;Gelderland;Neerijnen;Opijnen;;;12;
3;NLD;Gelderland;Neerijnen;Tuil;;;12;
3;NLD;Gelderland;Neerijnen;Varik;;;12;
3;NLD;Gelderland;Neerijnen;Waardenburg;E5.25762904051064;N51.832065309179;12;
2;NLD;Gelderland;Nijkerk;;;;10;
3;NLD;Gelderland;Nijkerk;'t Woud;;;12;
3;NLD;Gelderland;Nijkerk;Achterhoek;;;12;
3;NLD;Gelderland;Nijkerk;Appel;;;12;
3;NLD;Gelderland;Nijkerk;De Veenhuis;;;12;
3;NLD;Gelderland;Nijkerk;Doornsteeg;;;12;
3;NLD;Gelderland;Nijkerk;Driedorp;;;12;
3;NLD;Gelderland;Nijkerk;Hoevelaken;;;12;
3;NLD;Gelderland;Nijkerk;Holk;;;12;
3;NLD;Gelderland;Nijkerk;Holkerveen;;;12;
3;NLD;Gelderland;Nijkerk;Kruishaar;;;12;
3;NLD;Gelderland;Nijkerk;Nekkeveld;;;12;
3;NLD;Gelderland;Nijkerk;Nijkerk;;;12;
3;NLD;Gelderland;Nijkerk;Nijkerkerveen;;;12;
3;NLD;Gelderland;Nijkerk;Palestina;;;12;
3;NLD;Gelderland;Nijkerk;Prinsenkamp;;;12;
3;NLD;Gelderland;Nijkerk;Slichtenhorst;;;12;
3;NLD;Gelderland;Nijkerk;Wullenhove;;;12;
2;NLD;Gelderland;Nijmegen;;;;10;
3;NLD;Gelderland;Nijmegen;Brakkenstein;;;12;
3;NLD;Gelderland;Nijmegen;Lent;;;12;
3;NLD;Gelderland;Nijmegen;Nijmegen;E5.85765689022803;N51.8413543664502;12;
3;NLD;Gelderland;Nijmegen;Oosterhout;;;12;
2;NLD;Gelderland;Nunspeet;;;;10;
3;NLD;Gelderland;Nunspeet;Elspeet;;;12;
3;NLD;Gelderland;Nunspeet;Hulshorst;;;12;
3;NLD;Gelderland;Nunspeet;Nunspeet;;;12;
3;NLD;Gelderland;Nunspeet;Vierhouten;;;12;
2;NLD;Gelderland;Oldebroek;;;;10;
3;NLD;Gelderland;Oldebroek;'t Loo;;;12;
3;NLD;Gelderland;Oldebroek;'t Loo Oldebroek;;;12;
3;NLD;Gelderland;Oldebroek;Bovenveen;;;12;
3;NLD;Gelderland;Oldebroek;Eekt;;;12;
3;NLD;Gelderland;Oldebroek;Hattemerbroek;;;12;
3;NLD;Gelderland;Oldebroek;Kerkdorp;;;12;
3;NLD;Gelderland;Oldebroek;Mullegen;;;12;
3;NLD;Gelderland;Oldebroek;Noordeinde;;;12;
3;NLD;Gelderland;Oldebroek;Oldebroek;;;12;
3;NLD;Gelderland;Oldebroek;Oldebroek Legerplaats;;;12;
3;NLD;Gelderland;Oldebroek;Oosterwolde;;;12;
3;NLD;Gelderland;Oldebroek;Posthoorn;;;12;
3;NLD;Gelderland;Oldebroek;Voskuil;;;12;
3;NLD;Gelderland;Oldebroek;Wezep;E5.99890050650884;N52.4583355994612;12;
2;NLD;Gelderland;Oost Gelre;;;;10;
3;NLD;Gelderland;Oost Gelre;Eefsele;;;12;
3;NLD;Gelderland;Oost Gelre;Groenlo;;;12;
3;NLD;Gelderland;Oost Gelre;Harreveld;;;12;
3;NLD;Gelderland;Oost Gelre;Lichtenvoorde;;;12;
3;NLD;Gelderland;Oost Gelre;Lievelde;;;12;
3;NLD;Gelderland;Oost Gelre;Vragender;;;12;
3;NLD;Gelderland;Oost Gelre;Zieuwent;;;12;
2;NLD;Gelderland;Oude IJsselstreek;;;;10;
3;NLD;Gelderland;Oude IJsselstreek;Binnenheurne;;;12;
3;NLD;Gelderland;Oude IJsselstreek;Bontebrug;;;12;
3;NLD;Gelderland;Oude IJsselstreek;Breedenbroek;;;12;
3;NLD;Gelderland;Oude IJsselstreek;Etten;;;12;
3;NLD;Gelderland;Oude IJsselstreek;Gendringen;;;12;
3;NLD;Gelderland;Oude IJsselstreek;Heelweg;;;12;
3;NLD;Gelderland;Oude IJsselstreek;Heelweg-Oost;;;12;
3;NLD;Gelderland;Oude IJsselstreek;Heelweg-West;;;12;
3;NLD;Gelderland;Oude IJsselstreek;Megchelen;;;12;
3;NLD;Gelderland;Oude IJsselstreek;Netterden;;;12;
3;NLD;Gelderland;Oude IJsselstreek;Silvolde;;;12;
3;NLD;Gelderland;Oude IJsselstreek;Sinderen;;;12;
3;NLD;Gelderland;Oude IJsselstreek;Terborg;;;12;
3;NLD;Gelderland;Oude IJsselstreek;Ulft;;;12;
3;NLD;Gelderland;Oude IJsselstreek;Varsselder;;;12;
3;NLD;Gelderland;Oude IJsselstreek;Varsselder-Veldhunten;;;12;
3;NLD;Gelderland;Oude IJsselstreek;Varsseveld;;;12;
3;NLD;Gelderland;Oude IJsselstreek;Voorst;;;12;
3;NLD;Gelderland;Oude IJsselstreek;Warm;;;12;
3;NLD;Gelderland;Oude IJsselstreek;Westendorp;;;12;
3;NLD;Gelderland;Oude IJsselstreek;Wieken;;;12;
2;NLD;Gelderland;Overbetuwe;;;;10;
3;NLD;Gelderland;Overbetuwe;Aam;;;12;
3;NLD;Gelderland;Overbetuwe;Andelst;;;12;
3;NLD;Gelderland;Overbetuwe;Driel;E5.81495668197123;N51.9604592051969;12;
3;NLD;Gelderland;Overbetuwe;Elst;;;12;
3;NLD;Gelderland;Overbetuwe;Hemmen;;;12;
3;NLD;Gelderland;Overbetuwe;Herveld;;;12;
3;NLD;Gelderland;Overbetuwe;Heteren;E5.75687872968496;N51.9583145257975;12;
3;NLD;Gelderland;Overbetuwe;Homoet;;;12;
3;NLD;Gelderland;Overbetuwe;Loenen;;;12;
3;NLD;Gelderland;Overbetuwe;Oosterhout;;;12;
3;NLD;Gelderland;Overbetuwe;Randwijk;;;12;
3;NLD;Gelderland;Overbetuwe;Slijk-Ewijk;;;12;
3;NLD;Gelderland;Overbetuwe;Valburg;;;12;
3;NLD;Gelderland;Overbetuwe;Wolferen;;;12;
3;NLD;Gelderland;Overbetuwe;Zetten;;;12;
2;NLD;Gelderland;Putten;;;;10;
3;NLD;Gelderland;Putten;Bijsteren;;;12;
3;NLD;Gelderland;Putten;Diermen;;;12;
3;NLD;Gelderland;Putten;Gerven;;;12;
3;NLD;Gelderland;Putten;Halvinkhuizen;;;12;
3;NLD;Gelderland;Putten;Hell;;;12;
3;NLD;Gelderland;Putten;Hoef;;;12;
3;NLD;Gelderland;Putten;Huinen;;;12;
3;NLD;Gelderland;Putten;Koudhoorn;;;12;
3;NLD;Gelderland;Putten;Krachtighuizen;;;12;
3;NLD;Gelderland;Putten;Putten;;;12;
3;NLD;Gelderland;Putten;Steenenkamer;;;12;
3;NLD;Gelderland;Putten;Veenhuizerveld;;;12;
2;NLD;Gelderland;Renkum;;;;10;
3;NLD;Gelderland;Renkum;Doorwerth;E5.79725838117125;N51.9785011498895;12;
3;NLD;Gelderland;Renkum;Heelsum;;;12;
3;NLD;Gelderland;Renkum;Heveadorp;;;12;
3;NLD;Gelderland;Renkum;Oosterbeek;;;12;
3;NLD;Gelderland;Renkum;Renkum;;;12;
3;NLD;Gelderland;Renkum;Wolfheze;;;12;
2;NLD;Gelderland;Rheden;;;;10;
3;NLD;Gelderland;Rheden;Beimerwaard;;;12;
3;NLD;Gelderland;Rheden;De Steeg;;;12;
3;NLD;Gelderland;Rheden;Dieren;E6.09744434141967;N52.0474040982366;12;
3;NLD;Gelderland;Rheden;Ellecom;;;12;
3;NLD;Gelderland;Rheden;Laag-Soeren;;;12;
3;NLD;Gelderland;Rheden;Rheden;;;12;
3;NLD;Gelderland;Rheden;Spankeren;;;12;
3;NLD;Gelderland;Rheden;Velp;E5.97398483019028;N51.9960240002052;12;
2;NLD;Gelderland;Rijnwaarden;;;;10;
3;NLD;Gelderland;Rijnwaarden;Aard;;;12;
3;NLD;Gelderland;Rijnwaarden;Aerdt;;;12;
3;NLD;Gelderland;Rijnwaarden;Bijland;;;12;
3;NLD;Gelderland;Rijnwaarden;Herwen;;;12;
3;NLD;Gelderland;Rijnwaarden;Lobith;;;12;
3;NLD;Gelderland;Rijnwaarden;Pannerden;;;12;
3;NLD;Gelderland;Rijnwaarden;Spijk;;;12;
3;NLD;Gelderland;Rijnwaarden;Tolkamer;;;12;
2;NLD;Gelderland;Rozendaal;;;;10;
3;NLD;Gelderland;Rozendaal;Imbosch;;;12;
3;NLD;Gelderland;Rozendaal;Rozendaal;;;12;
3;NLD;Gelderland;Rozendaal;Terlet;;;12;
2;NLD;Gelderland;Scherpenzeel;;;;10;
3;NLD;Gelderland;Scherpenzeel;Scherpenzeel;;;12;
2;NLD;Gelderland;Tiel;;;;10;
3;NLD;Gelderland;Tiel;Drumpt;;;12;
3;NLD;Gelderland;Tiel;Kapel-Avezaath;;;12;
3;NLD;Gelderland;Tiel;Kerk Avezaath;;;12;
3;NLD;Gelderland;Tiel;Kerk-Avezaath;;;12;
3;NLD;Gelderland;Tiel;Passewaay;;;12;
3;NLD;Gelderland;Tiel;Tiel;E5.43066163784916;N51.8881206716973;12;
3;NLD;Gelderland;Tiel;Wadenoijen;;;12;
3;NLD;Gelderland;Tiel;Zennewijnen;;;12;
2;NLD;Gelderland;Ubbergen;;;;10;
3;NLD;Gelderland;Ubbergen;Beek;;;12;
3;NLD;Gelderland;Ubbergen;Beek-Ubbergen;;;12;
3;NLD;Gelderland;Ubbergen;Berg en Dal;;;12;
3;NLD;Gelderland;Ubbergen;Erlecom;;;12;
3;NLD;Gelderland;Ubbergen;Groenlanden;;;12;
3;NLD;Gelderland;Ubbergen;Kekerdom;;;12;
3;NLD;Gelderland;Ubbergen;Leuth;;;12;
3;NLD;Gelderland;Ubbergen;Ooij;;;12;
3;NLD;Gelderland;Ubbergen;Persingen;;;12;
3;NLD;Gelderland;Ubbergen;Tiengeboden;;;12;
3;NLD;Gelderland;Ubbergen;Ubbergen;;;12;
3;NLD;Gelderland;Ubbergen;Wercheren;;;12;
2;NLD;Gelderland;Voorst;;;;10;
3;NLD;Gelderland;Voorst;Appen;;;12;
3;NLD;Gelderland;Voorst;Bussloo;;;12;
3;NLD;Gelderland;Voorst;De Kar;;;12;
3;NLD;Gelderland;Voorst;De Vecht;;;12;
3;NLD;Gelderland;Voorst;De Wijk;;;12;
3;NLD;Gelderland;Voorst;Duistervoorde;;;12;
3;NLD;Gelderland;Voorst;Gietelo;;;12;
3;NLD;Gelderland;Voorst;Klarenbeek;;;12;
3;NLD;Gelderland;Voorst;Klein-Amsterdam;;;12;
3;NLD;Gelderland;Voorst;Nijbroek;;;12;
3;NLD;Gelderland;Voorst;Noord-Empe;;;12;
3;NLD;Gelderland;Voorst;Posterenk;;;12;
3;NLD;Gelderland;Voorst;Spekhoek;;;12;
3;NLD;Gelderland;Voorst;Steenenkamer;;;12;
3;NLD;Gelderland;Voorst;Terwolde;;;12;
3;NLD;Gelderland;Voorst;Teuge;;;12;
3;NLD;Gelderland;Voorst;Twello;;;12;
3;NLD;Gelderland;Voorst;Voorst;;;12;
3;NLD;Gelderland;Voorst;Wilp;;;12;
3;NLD;Gelderland;Voorst;Wilp-Achterhoek;;;12;
2;NLD;Gelderland;Wageningen;;;;10;
3;NLD;Gelderland;Wageningen;Wageningen;;;12;
2;NLD;Gelderland;West Maas en Waal;;;;10;
3;NLD;Gelderland;West Maas en Waal;Alphen;;;12;
3;NLD;Gelderland;West Maas en Waal;Altforst;;;12;
3;NLD;Gelderland;West Maas en Waal;Appeltern;;;12;
3;NLD;Gelderland;West Maas en Waal;Beneden-Leeuwen;;;12;
3;NLD;Gelderland;West Maas en Waal;Blauwe Sluis;;;12;
3;NLD;Gelderland;West Maas en Waal;Boven-Leeuwen;;;12;
3;NLD;Gelderland;West Maas en Waal;Dreumel;E5.43091862371668;N51.8484133669574;12;
3;NLD;Gelderland;West Maas en Waal;Maasbommel;;;12;
3;NLD;Gelderland;West Maas en Waal;Wamel;;;12;
2;NLD;Gelderland;Westervoort;;;;10;
3;NLD;Gelderland;Westervoort;Westervoort;;;12;
2;NLD;Gelderland;Wijchen;;;;10;
3;NLD;Gelderland;Wijchen;Alverna;;;12;
3;NLD;Gelderland;Wijchen;Balgoij;;;12;
3;NLD;Gelderland;Wijchen;Batenburg;;;12;
3;NLD;Gelderland;Wijchen;Bergharen;;;12;
3;NLD;Gelderland;Wijchen;Hernen;;;12;
3;NLD;Gelderland;Wijchen;Leur;;;12;
3;NLD;Gelderland;Wijchen;Niftrik;;;12;
3;NLD;Gelderland;Wijchen;Wijchen;;;12;
3;NLD;Gelderland;Wijchen;Woezik;;;12;
2;NLD;Gelderland;Winterswijk;;;;10;
3;NLD;Gelderland;Winterswijk;Brinkheurne;;;12;
3;NLD;Gelderland;Winterswijk;Corle;;;12;
3;NLD;Gelderland;Winterswijk;Henxel;;;12;
3;NLD;Gelderland;Winterswijk;Huppel;;;12;
3;NLD;Gelderland;Winterswijk;Kotten;;;12;
3;NLD;Gelderland;Winterswijk;Meddo;;;12;
3;NLD;Gelderland;Winterswijk;Miste;;;12;
3;NLD;Gelderland;Winterswijk;Ratum;;;12;
3;NLD;Gelderland;Winterswijk;Winterswijk;;;12;
3;NLD;Gelderland;Winterswijk;Woold;;;12;
2;NLD;Gelderland;Zaltbommel;;;;10;
3;NLD;Gelderland;Zaltbommel;Aalst;;;12;
3;NLD;Gelderland;Zaltbommel;Bern;;;12;
3;NLD;Gelderland;Zaltbommel;Brakel;;;12;
3;NLD;Gelderland;Zaltbommel;Bruchem;;;12;
3;NLD;Gelderland;Zaltbommel;De Rietschoof;;;12;
3;NLD;Gelderland;Zaltbommel;Delwijnen;;;12;
3;NLD;Gelderland;Zaltbommel;Gameren;;;12;
3;NLD;Gelderland;Zaltbommel;Kerkwijk;;;12;
3;NLD;Gelderland;Zaltbommel;Nederhemert;;;12;
3;NLD;Gelderland;Zaltbommel;Nederhemert-Noord;;;12;
3;NLD;Gelderland;Zaltbommel;Nederhemert-Zuid;;;12;
3;NLD;Gelderland;Zaltbommel;Nieuwaal;;;12;
3;NLD;Gelderland;Zaltbommel;Oensel;;;12;
3;NLD;Gelderland;Zaltbommel;Poederoijen;;;12;
3;NLD;Gelderland;Zaltbommel;Poederoijensehoek;;;12;
3;NLD;Gelderland;Zaltbommel;Slot Loevestein;;;12;
3;NLD;Gelderland;Zaltbommel;Zaltbommel;;;12;
3;NLD;Gelderland;Zaltbommel;Zuilichem;;;12;
2;NLD;Gelderland;Zevenaar;;;;10;
3;NLD;Gelderland;Zevenaar;Angerlo;;;12;
3;NLD;Gelderland;Zevenaar;Babberich;;;12;
3;NLD;Gelderland;Zevenaar;Bahr;;;12;
3;NLD;Gelderland;Zevenaar;Bevermeer;;;12;
3;NLD;Gelderland;Zevenaar;Bingerden;;;12;
3;NLD;Gelderland;Zevenaar;Giesbeek;;;12;
3;NLD;Gelderland;Zevenaar;Lathum;;;12;
3;NLD;Gelderland;Zevenaar;Ooij;;;12;
3;NLD;Gelderland;Zevenaar;Ooy;;;12;
3;NLD;Gelderland;Zevenaar;Oud Zevenaar;;;12;
3;NLD;Gelderland;Zevenaar;Zevenaar;;;12;
2;NLD;Gelderland;Zutphen;;;;10;
3;NLD;Gelderland;Zutphen;Bronsbergen;;;12;
3;NLD;Gelderland;Zutphen;Leesten;;;12;
3;NLD;Gelderland;Zutphen;Warken;;;12;
3;NLD;Gelderland;Zutphen;Warnsveld;;;12;
3;NLD;Gelderland;Zutphen;Zutphen;;;12;
1;NLD;Groningen;;;E6.75;N53.21;8;places/NLD/flags/GR.gif
2;NLD;Groningen;Aduard;;;;10;
2;NLD;Groningen;Appingedam;;;;10;
3;NLD;Groningen;Appingedam;Appingedam;E6.84962660773014;N53.3170474724827;12;
3;NLD;Groningen;Appingedam;Garreweer;;;12;
3;NLD;Groningen;Appingedam;Jukwerd;E6.846628189086914;N53.33522964712617;12;
3;NLD;Groningen;Appingedam;Laskwerd;;;12;
3;NLD;Groningen;Appingedam;Marsum;;;12;
3;NLD;Groningen;Appingedam;Oling;;;12;
3;NLD;Groningen;Appingedam;Opwierde;;;12;
3;NLD;Groningen;Appingedam;Solwerd;;;12;
3;NLD;Groningen;Appingedam;Tjamsweer;;;12;
2;NLD;Groningen;Baflo;;E6.51395824163033;N53.3635269097847;10;
2;NLD;Groningen;Bedum;;E6.5972092829895;N53.2947947161668;10;
3;NLD;Groningen;Bedum;Bedum;E6.5972092829895;N53.2947947161668;12;
3;NLD;Groningen;Bedum;Ellerhuizen;;;12;
3;NLD;Groningen;Bedum;Noordwolde;;;12;
3;NLD;Groningen;Bedum;Onderdendam;;;12;
3;NLD;Groningen;Bedum;Westerdijkshorn;;;12;
3;NLD;Groningen;Bedum;Zuidwolde;E6.59256987699577;N53.2606062042763;12;
2;NLD;Groningen;Bellingwedde;;;;10;
3;NLD;Groningen;Bellingwedde;Bellingwolde;E7.16201256649666;N53.1124969672192;12;
3;NLD;Groningen;Bellingwedde;Blijham;;;12;
3;NLD;Groningen;Bellingwedde;Klein-Ulsda;;;12;
3;NLD;Groningen;Bellingwedde;Oudeschans;;;12;
3;NLD;Groningen;Bellingwedde;Rhederbrug;;;12;
3;NLD;Groningen;Bellingwedde;Rhederveld;;;12;
3;NLD;Groningen;Bellingwedde;Veelerveen;;;12;
3;NLD;Groningen;Bellingwedde;Vriescheloo;;;12;
3;NLD;Groningen;Bellingwedde;Wedde;;;12;
3;NLD;Groningen;Bellingwedde;Wedderveer;;;12;
2;NLD;Groningen;De Marne;;;;10;
3;NLD;Groningen;De Marne;Broek;;;12;
3;NLD;Groningen;De Marne;Eenrum;E6.45914511976733;N53.3645650985385;12;
3;NLD;Groningen;De Marne;Hornhuizen;E6.36240530857103;N53.388105345513;12;
3;NLD;Groningen;De Marne;Houwerzijl;E6.34169916321532;N53.3361241908346;12;
3;NLD;Groningen;De Marne;Kleine Huisjes;;;12;
3;NLD;Groningen;De Marne;Kloosterburen;E6.39299046878753;N53.3875008737714;12;
3;NLD;Groningen;De Marne;Kruisweg;E6.3714258540305;N53.388105345513;12;
3;NLD;Groningen;De Marne;Lauwersoog;;;12;
3;NLD;Groningen;De Marne;Leens;E6.37640933080367;N53.3604362491852;12;
3;NLD;Groningen;De Marne;Maarslag;;;12;
3;NLD;Groningen;De Marne;Mensingeweer;E6.46567392684022;N53.3508125126447;12;
3;NLD;Groningen;De Marne;Molenrij;;;12;
3;NLD;Groningen;De Marne;Niekerk;;;12;
3;NLD;Groningen;De Marne;Pieterburen;E6.4556224497029;N53.3997883840883;12;
3;NLD;Groningen;De Marne;Schouwerzijl;E6.45003791628277;N53.3320021716705;12;
3;NLD;Groningen;De Marne;Ulrum;E6.3216815863053;N53.3595790604444;12;
3;NLD;Groningen;De Marne;Vierhuizen;E6.29109557231516;N53.3605250416445;12;
3;NLD;Groningen;De Marne;Vliedorp;E6.341793537139893;N53.34050830265154;12;
3;NLD;Groningen;De Marne;Warfhuizen;E6.42546673763047;N53.3403350024579;12;
3;NLD;Groningen;De Marne;Wehe;E6.416873931884766;N53.36038708103963;12;
3;NLD;Groningen;De Marne;Wehe den Hoorn;;;12;
3;NLD;Groningen;De Marne;Westernieland;E6.48775422087958;N53.3998737614529;12;
3;NLD;Groningen;De Marne;Wierhuizen;E6.445198059082031;N53.400526224731614;12;
3;NLD;Groningen;De Marne;Zoutkamp;E6.30767756407266;N53.3369813795754;12;
3;NLD;Groningen;De Marne;Zuurdijk;;;12;
2;NLD;Groningen;Delfzijl;;;;10;
3;NLD;Groningen;Delfzijl;Amsweer;;;12;
3;NLD;Groningen;Delfzijl;Arwerd;;;12;
3;NLD;Groningen;Delfzijl;Baamsum;;;12;
3;NLD;Groningen;Delfzijl;Bierum;E6.86388889649077;N53.3811419676541;12;
3;NLD;Groningen;Delfzijl;Biessum;;;12;
3;NLD;Groningen;Delfzijl;Borgsweer;;;12;
3;NLD;Groningen;Delfzijl;Delfzijl;E6.92987065830721;N53.3201415481768;12;
3;NLD;Groningen;Delfzijl;Farmsum;E6.93425222465977;N53.321176321836;12;
3;NLD;Groningen;Delfzijl;Godlinze;;;12;
3;NLD;Groningen;Delfzijl;Heveskes;;;12;
3;NLD;Groningen;Delfzijl;Holwierde;;;12;
3;NLD;Groningen;Delfzijl;Krewerd;;;12;
3;NLD;Groningen;Delfzijl;Losdorp;;;12;
3;NLD;Groningen;Delfzijl;Meedhuizen;;;12;
3;NLD;Groningen;Delfzijl;Oterdum;;;12;
3;NLD;Groningen;Delfzijl;Spijk;;;12;
3;NLD;Groningen;Delfzijl;Termunten;;;12;
3;NLD;Groningen;Delfzijl;Termunterzijl;;;12;
3;NLD;Groningen;Delfzijl;Tjamsweer;;;12;
3;NLD;Groningen;Delfzijl;Uitwierde;;;12;
3;NLD;Groningen;Delfzijl;Wagenborgen;;;12;
3;NLD;Groningen;Delfzijl;Weiwerd;;;12;
3;NLD;Groningen;Delfzijl;Woldendorp;;;12;
2;NLD;Groningen;Eemsmond;;;;10;
3;NLD;Groningen;Eemsmond;Breede;;;12;
3;NLD;Groningen;Eemsmond;Eemshaven;;;12;
3;NLD;Groningen;Eemsmond;Eppenhuizen;;;12;
3;NLD;Groningen;Eemsmond;Kantens;E6.63552749800692;N53.3662794760202;12;
3;NLD;Groningen;Eemsmond;Oldenzijl;;;12;
3;NLD;Groningen;Eemsmond;Oosteinde;;;12;
3;NLD;Groningen;Eemsmond;Oosternieland;E6.75469082024837;N53.4011612521115;12;
3;NLD;Groningen;Eemsmond;Oudeschip;;;12;
3;NLD;Groningen;Eemsmond;Roodeschool;;;12;
3;NLD;Groningen;Eemsmond;Rottum;;;12;
3;NLD;Groningen;Eemsmond;Rottumeroog;E6.5863037109375;N53.54112347161045;12;
3;NLD;Groningen;Eemsmond;Rottumerplaat;;;12;
3;NLD;Groningen;Eemsmond;Startenhuizen;;;12;
3;NLD;Groningen;Eemsmond;Stitswerd;;;12;
3;NLD;Groningen;Eemsmond;Uithuizen;E6.67753913781802;N53.4078650827818;12;
3;NLD;Groningen;Eemsmond;Uithuizermeeden;E6.72341837224664;N53.413616102063;12;
3;NLD;Groningen;Eemsmond;Usquert;E6.60915144186644;N53.4032239692408;12;
3;NLD;Groningen;Eemsmond;Warffum;E6.55081607682583;N53.3921419873124;12;
3;NLD;Groningen;Eemsmond;Zandeweer;;;12;
3;NLD;Groningen;Eemsmond;Zijldijk;;;12;
2;NLD;Groningen;Eenrum;;E6.45914511976733;N53.3645650985385;10;
2;NLD;Groningen;Grijpskerk;;;;10;
2;NLD;Groningen;Groningen;;;;10;
3;NLD;Groningen;Groningen;Den Horn;;;12;
3;NLD;Groningen;Groningen;Dorkwerd;;;12;
3;NLD;Groningen;Groningen;Engelbert;;;12;
3;NLD;Groningen;Groningen;Euvelgunne;;;12;
3;NLD;Groningen;Groningen;Groningen;E6.5746999676929;N53.2171525407767;12;
3;NLD;Groningen;Groningen;Helpman;;;12;
3;NLD;Groningen;Groningen;Hoogkerk;E6.50227349550773;N53.213628163165;12;
3;NLD;Groningen;Groningen;Kostverloren;;;12;
3;NLD;Groningen;Groningen;Leegkerk;;;12;
3;NLD;Groningen;Groningen;Middelbert;;;12;
3;NLD;Groningen;Groningen;Noorddijk;;;12;
3;NLD;Groningen;Groningen;Noorderhoogebrug;;;12;
3;NLD;Groningen;Groningen;Oosterhoogebrug;E6.59995886101725;N53.2334083910013;12;
3;NLD;Groningen;Groningen;Roodehaan;;;12;
3;NLD;Groningen;Groningen;Ruischerbrug;;;12;
3;NLD;Groningen;Groningen;Vierverlaten;;;12;
2;NLD;Groningen;Grootegast;;;;10;
3;NLD;Groningen;Grootegast;Buikstede;;;12;
3;NLD;Groningen;Grootegast;Doezum;;;12;
3;NLD;Groningen;Grootegast;Enumatil;;;12;
3;NLD;Groningen;Grootegast;Faan;;;12;
3;NLD;Groningen;Grootegast;Grootegast;E6.27288159223285;N53.208625049598;12;
3;NLD;Groningen;Grootegast;Kornhorn;;;12;
3;NLD;Groningen;Grootegast;Lutjegast;;;12;
3;NLD;Groningen;Grootegast;Niekerk;E6.35381335748198;N53.2256663715771;12;
3;NLD;Groningen;Grootegast;Oldekerk;;;12;
3;NLD;Groningen;Grootegast;Opende;;;12;
3;NLD;Groningen;Grootegast;Sebaldeburen;;;12;
2;NLD;Groningen;Haren;;;;10;
3;NLD;Groningen;Haren;Essen;;;12;
3;NLD;Groningen;Haren;Glimmen;;;12;
3;NLD;Groningen;Haren;Haren;E6.63105970051608;N53.1545845928848;12;
3;NLD;Groningen;Haren;Hoornschedijk;;;12;
3;NLD;Groningen;Haren;Noordlaren;;;12;
3;NLD;Groningen;Haren;Onnen;;;12;
3;NLD;Groningen;Haren;Paterswolde;;;12;
2;NLD;Groningen;Hoogezand-Sappemeer;;;;10;
3;NLD;Groningen;Hoogezand-Sappemeer;Achterdiep;;;12;
3;NLD;Groningen;Hoogezand-Sappemeer;Borgercompagnie;;;12;
3;NLD;Groningen;Hoogezand-Sappemeer;Borgweg;;;12;
3;NLD;Groningen;Hoogezand-Sappemeer;Foxham;;;12;
3;NLD;Groningen;Hoogezand-Sappemeer;Foxhol;;;12;
3;NLD;Groningen;Hoogezand-Sappemeer;Foxholsterbosch;;;12;
3;NLD;Groningen;Hoogezand-Sappemeer;Hoogezand;E6.75494823300271;N53.1547280268574;12;
3;NLD;Groningen;Hoogezand-Sappemeer;Jagerswijk;;;12;
3;NLD;Groningen;Hoogezand-Sappemeer;Kalkwijk;;;12;
3;NLD;Groningen;Hoogezand-Sappemeer;Kiel-Windeweer;;;12;
3;NLD;Groningen;Hoogezand-Sappemeer;Kleinemeer;;;12;
3;NLD;Groningen;Hoogezand-Sappemeer;Kropswolde;;;12;
3;NLD;Groningen;Hoogezand-Sappemeer;Lula;;;12;
3;NLD;Groningen;Hoogezand-Sappemeer;Martenshoek;;;12;
3;NLD;Groningen;Hoogezand-Sappemeer;Meerwijck;;;12;
3;NLD;Groningen;Hoogezand-Sappemeer;Nieuwe Compagnie;;;12;
3;NLD;Groningen;Hoogezand-Sappemeer;Sappemeer;;;12;
3;NLD;Groningen;Hoogezand-Sappemeer;Tripscompagnie;;;12;
3;NLD;Groningen;Hoogezand-Sappemeer;Waterhuizen;;;12;
3;NLD;Groningen;Hoogezand-Sappemeer;Westerbroek;;;12;
3;NLD;Groningen;Hoogezand-Sappemeer;Wolfsbarge;;;12;
2;NLD;Groningen;Hoogezand-Sappermeer;;;;10;
3;NLD;Groningen;Hoogezand-Sappermeer;Hoogezand;;;12;
2;NLD;Groningen;Hoogkerk;;;;10;
2;NLD;Groningen;Kloosterburen;;E6.39299046878753;N53.3875008737714;10;
2;NLD;Groningen;Leek;;;;10;
3;NLD;Groningen;Leek;Boerakker;;;12;
3;NLD;Groningen;Leek;Enumatil;;;12;
3;NLD;Groningen;Leek;Leek;E6.36936399067481;N53.1633443104954;12;
3;NLD;Groningen;Leek;Lettelbert;;;12;
3;NLD;Groningen;Leek;Midwolde;;;12;
3;NLD;Groningen;Leek;Oostwold;;;12;
3;NLD;Groningen;Leek;Tolbert;;;12;
3;NLD;Groningen;Leek;Zevenhuizen;;;12;
2;NLD;Groningen;Leens;;E6.37640933080367;N53.3604362491852;10;
2;NLD;Groningen;Loppersum;;;;10;
3;NLD;Groningen;Loppersum;'t Zandstervoorwerk;;;12;
3;NLD;Groningen;Loppersum;'t Zandt;;;12;
3;NLD;Groningen;Loppersum;Eekwerd;;;12;
3;NLD;Groningen;Loppersum;Eekwerderdraai;;;12;
3;NLD;Groningen;Loppersum;Eenum;;;12;
3;NLD;Groningen;Loppersum;Fraamklap;;;12;
3;NLD;Groningen;Loppersum;Garrelsweer;;;12;
3;NLD;Groningen;Loppersum;Garsthuizen;;;12;
3;NLD;Groningen;Loppersum;Hoeksmeer;;;12;
3;NLD;Groningen;Loppersum;Honderd;;;12;
3;NLD;Groningen;Loppersum;Huizinge;;;12;
3;NLD;Groningen;Loppersum;Kolhol;;;12;
3;NLD;Groningen;Loppersum;Leermens;;;12;
3;NLD;Groningen;Loppersum;Loppersum;;;12;
3;NLD;Groningen;Loppersum;Lutjerijp;;;12;
3;NLD;Groningen;Loppersum;Lutjewijtwerd;;;12;
3;NLD;Groningen;Loppersum;Merum;;;12;
3;NLD;Groningen;Loppersum;Middelstum;;;12;
3;NLD;Groningen;Loppersum;Oosterwijtwerd;;;12;
3;NLD;Groningen;Loppersum;Startenhuizen;;;12;
3;NLD;Groningen;Loppersum;Stedum;;;12;
3;NLD;Groningen;Loppersum;Stork;;;12;
3;NLD;Groningen;Loppersum;Toornwerd;;;12;
3;NLD;Groningen;Loppersum;Westeremden;;;12;
3;NLD;Groningen;Loppersum;Westerwijtwerd;;;12;
3;NLD;Groningen;Loppersum;Wirdum;;;12;
3;NLD;Groningen;Loppersum;Wirdumerdraai;;;12;
3;NLD;Groningen;Loppersum;Zeerijp;;;12;
3;NLD;Groningen;Loppersum;Zijldijk;;;12;
2;NLD;Groningen;Marum;;;;10;
3;NLD;Groningen;Marum;Boerakker;;;12;
3;NLD;Groningen;Marum;De Wilp;;;12;
3;NLD;Groningen;Marum;Jonkersvaart;;;12;
3;NLD;Groningen;Marum;Lucaswolde;;;12;
3;NLD;Groningen;Marum;Marum;;;12;
3;NLD;Groningen;Marum;Niebert;;;12;
3;NLD;Groningen;Marum;Noordwijk;;;12;
3;NLD;Groningen;Marum;Nuis;;;12;
3;NLD;Groningen;Marum;Trimunt;;;12;
2;NLD;Groningen;Menterwolde;;;;10;
3;NLD;Groningen;Menterwolde;Borgercompagnie;;;12;
3;NLD;Groningen;Menterwolde;Meeden;;;12;
3;NLD;Groningen;Menterwolde;Muntendam;;;12;
3;NLD;Groningen;Menterwolde;Noordbroek;;;12;
3;NLD;Groningen;Menterwolde;Oosterbroek;;;12;
3;NLD;Groningen;Menterwolde;Tripscompagnie;;;12;
3;NLD;Groningen;Menterwolde;Zuidbroek;;;12;
2;NLD;Groningen;Pekela;;;;10;
3;NLD;Groningen;Pekela;Alteveer;;;12;
3;NLD;Groningen;Pekela;Boven Pekela;;;12;
3;NLD;Groningen;Pekela;Nieuwe Pekela;;;12;
3;NLD;Groningen;Pekela;Oude Pekela;;;12;
2;NLD;Groningen;Reiderland;;;;10;
3;NLD;Groningen;Reiderland;Beersterhoogen;;;12;
3;NLD;Groningen;Reiderland;Beerta;;;12;
3;NLD;Groningen;Reiderland;Booneschans;;;12;
3;NLD;Groningen;Reiderland;Carel Coenraadpolder;;;12;
3;NLD;Groningen;Reiderland;Drieborg;;;12;
3;NLD;Groningen;Reiderland;Ekamp;;;12;
3;NLD;Groningen;Reiderland;Finsterwolde;;;12;
3;NLD;Groningen;Reiderland;Finsterwolderhamrik;;;12;
3;NLD;Groningen;Reiderland;Ganzedijk;;;12;
3;NLD;Groningen;Reiderland;Goldhoorn;;;12;
3;NLD;Groningen;Reiderland;Hamdijk;;;12;
3;NLD;Groningen;Reiderland;Hongerige Wolf;;;12;
3;NLD;Groningen;Reiderland;Kostverloren;;;12;
3;NLD;Groningen;Reiderland;Kromme-Elleboog;;;12;
3;NLD;Groningen;Reiderland;Nieuw-Beerta;;;12;
3;NLD;Groningen;Reiderland;Nieuwe Statenzijl;;;12;
3;NLD;Groningen;Reiderland;Nieuweschans;;;12;
3;NLD;Groningen;Reiderland;Oude Statenzijl;;;12;
3;NLD;Groningen;Reiderland;Oudedijk;;;12;
3;NLD;Groningen;Reiderland;Oudezijl;;;12;
3;NLD;Groningen;Reiderland;Ulsda;;;12;
2;NLD;Groningen;Scheemda;;;;10;
3;NLD;Groningen;Scheemda;'t Waar;;;12;
3;NLD;Groningen;Scheemda;Bovenstreek;;;12;
3;NLD;Groningen;Scheemda;Heiligerlee;;;12;
3;NLD;Groningen;Scheemda;Midwolda;;;12;
3;NLD;Groningen;Scheemda;Niesoord;;;12;
3;NLD;Groningen;Scheemda;Nieuw Scheemda;;;12;
3;NLD;Groningen;Scheemda;Nieuw-Scheemda;;;12;
3;NLD;Groningen;Scheemda;Nieuwolda;;;12;
3;NLD;Groningen;Scheemda;Oostwold;;;12;
3;NLD;Groningen;Scheemda;Scheemda;;;12;
3;NLD;Groningen;Scheemda;Westerlee;;;12;
2;NLD;Groningen;Slochteren;;;;10;
3;NLD;Groningen;Slochteren;Froombosch;;;12;
3;NLD;Groningen;Slochteren;Harkstede;;;12;
3;NLD;Groningen;Slochteren;Hellum;;;12;
3;NLD;Groningen;Slochteren;Kolham;;;12;
3;NLD;Groningen;Slochteren;Lageland;;;12;
3;NLD;Groningen;Slochteren;Luddeweer;;;12;
3;NLD;Groningen;Slochteren;Overschild;;;12;
3;NLD;Groningen;Slochteren;Scharmer;;;12;
3;NLD;Groningen;Slochteren;Schildwolde;;;12;
3;NLD;Groningen;Slochteren;Siddeburen;E6.87041813045048;N53.2473488070973;12;
3;NLD;Groningen;Slochteren;Slochteren;;;12;
3;NLD;Groningen;Slochteren;Steendam;;;12;
3;NLD;Groningen;Slochteren;Tjuchem;;;12;
3;NLD;Groningen;Slochteren;Woudbloem;;;12;
2;NLD;Groningen;Stadskanaal;;;;10;
3;NLD;Groningen;Stadskanaal;Alteveer;;;12;
3;NLD;Groningen;Stadskanaal;Barlage;;;12;
3;NLD;Groningen;Stadskanaal;Blekslage;;;12;
3;NLD;Groningen;Stadskanaal;Braamberg;;;12;
3;NLD;Groningen;Stadskanaal;Ceresdorp;;;12;
3;NLD;Groningen;Stadskanaal;Holte;;;12;
3;NLD;Groningen;Stadskanaal;Horsten;;;12;
3;NLD;Groningen;Stadskanaal;Höchte;;;12;
3;NLD;Groningen;Stadskanaal;Jipsingboermussel;;;12;
3;NLD;Groningen;Stadskanaal;Kopstukken;;;12;
3;NLD;Groningen;Stadskanaal;Mussel;;;12;
3;NLD;Groningen;Stadskanaal;Musselkanaal;;;12;
3;NLD;Groningen;Stadskanaal;Onstwedde;;;12;
3;NLD;Groningen;Stadskanaal;Oomsberg;;;12;
3;NLD;Groningen;Stadskanaal;Smeerling;;;12;
3;NLD;Groningen;Stadskanaal;Stadskanaal;;;12;
3;NLD;Groningen;Stadskanaal;Sterenborg;;;12;
3;NLD;Groningen;Stadskanaal;Ter Maarsch;;;12;
3;NLD;Groningen;Stadskanaal;Ter Wupping;;;12;
3;NLD;Groningen;Stadskanaal;Veenhuizen;;;12;
3;NLD;Groningen;Stadskanaal;Vledderhuizen;;;12;
3;NLD;Groningen;Stadskanaal;Vledderveen;;;12;
3;NLD;Groningen;Stadskanaal;Vosseberg;;;12;
3;NLD;Groningen;Stadskanaal;Wessinghuizen;;;12;
2;NLD;Groningen;Ten Boer;;;;10;
3;NLD;Groningen;Ten Boer;Bovenrijge;;;12;
3;NLD;Groningen;Ten Boer;Garmerwolde;;;12;
3;NLD;Groningen;Ten Boer;Kroddeburen;;;12;
3;NLD;Groningen;Ten Boer;Lellens;;;12;
3;NLD;Groningen;Ten Boer;Sint-Annen;;;12;
3;NLD;Groningen;Ten Boer;St Annen;;;12;
3;NLD;Groningen;Ten Boer;Ten Boer;;;12;
3;NLD;Groningen;Ten Boer;Ten Post;;;12;
3;NLD;Groningen;Ten Boer;Thesinge;;;12;
3;NLD;Groningen;Ten Boer;Winneweer;;;12;
3;NLD;Groningen;Ten Boer;Wittewierum;;;12;
3;NLD;Groningen;Ten Boer;Woltersum;;;12;
2;NLD;Groningen;Uithuizen;;E6.67753913781802;N53.4078650827818;10;
2;NLD;Groningen;Uithuizermeeden;;E6.72341837224664;N53.413616102063;10;
2;NLD;Groningen;Ulrum;;E6.3216815863053;N53.3595790604444;10;
2;NLD;Groningen;Unknown;;;;10;
3;NLD;Groningen;Unknown;Tynallinge;;;12;
2;NLD;Groningen;Veendam;;;;10;
3;NLD;Groningen;Veendam;Bareveld;;;12;
3;NLD;Groningen;Veendam;Borgercompagnie;;;12;
3;NLD;Groningen;Veendam;Kibbelgaarn;;;12;
3;NLD;Groningen;Veendam;Korte Akkers;;;12;
3;NLD;Groningen;Veendam;Numero Dertien;;;12;
3;NLD;Groningen;Veendam;Ommelanderwijk;;;12;
3;NLD;Groningen;Veendam;Tripscompagnie;;;12;
3;NLD;Groningen;Veendam;Veendam;;;12;
3;NLD;Groningen;Veendam;Wildervank;;;12;
3;NLD;Groningen;Veendam;Wildervanksterdallen;;;12;
3;NLD;Groningen;Veendam;Zuidwending;;;12;
2;NLD;Groningen;Vlagtwedde;;;;10;
3;NLD;Groningen;Vlagtwedde;'t Heem;;;12;
3;NLD;Groningen;Vlagtwedde;'t Schot;;;12;
3;NLD;Groningen;Vlagtwedde;Abeltjeshuis;;;12;
3;NLD;Groningen;Vlagtwedde;Achtermaten;;;12;
3;NLD;Groningen;Vlagtwedde;Bakovensmee;;;12;
3;NLD;Groningen;Vlagtwedde;Barnflair;;;12;
3;NLD;Groningen;Vlagtwedde;Borgertange;;;12;
3;NLD;Groningen;Vlagtwedde;Borgerveld;;;12;
3;NLD;Groningen;Vlagtwedde;Bourtange;;;12;
3;NLD;Groningen;Vlagtwedde;Braamberg;;;12;
3;NLD;Groningen;Vlagtwedde;Burgemeester Beinsdorp;;;12;
3;NLD;Groningen;Vlagtwedde;De Bruil;;;12;
3;NLD;Groningen;Vlagtwedde;Ellersinghuizen;;;12;
3;NLD;Groningen;Vlagtwedde;Hanetange;;;12;
3;NLD;Groningen;Vlagtwedde;Harpel;;;12;
3;NLD;Groningen;Vlagtwedde;Hasseberg;;;12;
3;NLD;Groningen;Vlagtwedde;Hebrecht;;;12;
3;NLD;Groningen;Vlagtwedde;Jipsingboermussel;;;12;
3;NLD;Groningen;Vlagtwedde;Jipsingboertange;;;12;
3;NLD;Groningen;Vlagtwedde;Jipsinghuizen;;;12;
3;NLD;Groningen;Vlagtwedde;Lammerweg;;;12;
3;NLD;Groningen;Vlagtwedde;Laude;;;12;
3;NLD;Groningen;Vlagtwedde;Lauderbeetse;;;12;
3;NLD;Groningen;Vlagtwedde;Laudermarke;;;12;
3;NLD;Groningen;Vlagtwedde;Lauderzwarteveen;;;12;
3;NLD;Groningen;Vlagtwedde;Leemdobben;;;12;
3;NLD;Groningen;Vlagtwedde;Maten;;;12;
3;NLD;Groningen;Vlagtwedde;Munnekemoer;;;12;
3;NLD;Groningen;Vlagtwedde;Over de Dijk;;;12;
3;NLD;Groningen;Vlagtwedde;Overdiep;;;12;
3;NLD;Groningen;Vlagtwedde;Pallert;;;12;
3;NLD;Groningen;Vlagtwedde;Plaggenborg;;;12;
3;NLD;Groningen;Vlagtwedde;Poldert;;;12;
3;NLD;Groningen;Vlagtwedde;Renneborg;;;12;
3;NLD;Groningen;Vlagtwedde;Rhederveld;;;12;
3;NLD;Groningen;Vlagtwedde;Rijsdam;;;12;
3;NLD;Groningen;Vlagtwedde;Roelage;;;12;
3;NLD;Groningen;Vlagtwedde;Sellingen;;;12;
3;NLD;Groningen;Vlagtwedde;Sellingerbeetse;;;12;
3;NLD;Groningen;Vlagtwedde;Sellingerzwarteveen;;;12;
3;NLD;Groningen;Vlagtwedde;Slegge;;;12;
3;NLD;Groningen;Vlagtwedde;Stakenborg;;;12;
3;NLD;Groningen;Vlagtwedde;Stobben;;;12;
3;NLD;Groningen;Vlagtwedde;Ter Apel;;;12;
3;NLD;Groningen;Vlagtwedde;Ter Apelkanaal;;;12;
3;NLD;Groningen;Vlagtwedde;Ter Borg;;;12;
3;NLD;Groningen;Vlagtwedde;Ter Haar;;;12;
3;NLD;Groningen;Vlagtwedde;Ter Walslage;;;12;
3;NLD;Groningen;Vlagtwedde;Ter Wisch;;;12;
3;NLD;Groningen;Vlagtwedde;Veele;;;12;
3;NLD;Groningen;Vlagtwedde;Veerste Veldhuis;;;12;
3;NLD;Groningen;Vlagtwedde;Vlagtwedde;;;12;
3;NLD;Groningen;Vlagtwedde;Vlagtwedder-Barlage;;;12;
3;NLD;Groningen;Vlagtwedde;Vlagtwedder-Veldhuis;;;12;
3;NLD;Groningen;Vlagtwedde;Weende;;;12;
3;NLD;Groningen;Vlagtwedde;Weenderveld;;;12;
3;NLD;Groningen;Vlagtwedde;Weite;;;12;
3;NLD;Groningen;Vlagtwedde;Wessingtange;;;12;
3;NLD;Groningen;Vlagtwedde;Wollingboermarke;;;12;
3;NLD;Groningen;Vlagtwedde;Wollinghuizen;;;12;
3;NLD;Groningen;Vlagtwedde;Zandberg;;;12;
3;NLD;Groningen;Vlagtwedde;Zuidveld;;;12;
2;NLD;Groningen;Warffum;;E6.55081607682583;N53.3921419873124;10;
2;NLD;Groningen;Winschoten;;;;10;
3;NLD;Groningen;Winschoten;Winschoten;;;12;
2;NLD;Groningen;Winsum;;;;10;
3;NLD;Groningen;Winsum;Abbeweer;;;12;
3;NLD;Groningen;Winsum;Adorp;E6.53535082099763;N53.2750383939926;12;
3;NLD;Groningen;Winsum;Adorpermeeden;;;12;
3;NLD;Groningen;Winsum;Aduarderzijl;;;12;
3;NLD;Groningen;Winsum;Alinghuizen;;;12;
3;NLD;Groningen;Winsum;Arwerd;;;12;
3;NLD;Groningen;Winsum;Baflo;E6.51395824163033;N53.3635269097847;12;
3;NLD;Groningen;Winsum;Bellingeweer;;;12;
3;NLD;Groningen;Winsum;Beswerd;;;12;
3;NLD;Groningen;Winsum;Bolshuizen;;;12;
3;NLD;Groningen;Winsum;De Hammen;;;12;
3;NLD;Groningen;Winsum;De Raken;;;12;
3;NLD;Groningen;Winsum;De Vennen;;;12;
3;NLD;Groningen;Winsum;Den Andel;E6.5162779446272;N53.3942012893472;12;
3;NLD;Groningen;Winsum;Dingen;;;12;
3;NLD;Groningen;Winsum;Dorkwerd;;;12;
3;NLD;Groningen;Winsum;Ezinge;;;12;
3;NLD;Groningen;Winsum;Feerwerd;;;12;
3;NLD;Groningen;Winsum;Feerwerdermeeden;;;12;
3;NLD;Groningen;Winsum;Garnwerd;E6.49325295004826;N53.3047667923551;12;
3;NLD;Groningen;Winsum;Groot Wetsinge;;;12;
3;NLD;Groningen;Winsum;Hammeland;;;12;
3;NLD;Groningen;Winsum;Hardeweer;;;12;
3;NLD;Groningen;Winsum;Harssens;;;12;
3;NLD;Groningen;Winsum;Hekkum;;;12;
3;NLD;Groningen;Winsum;Joeswerd;;;12;
3;NLD;Groningen;Winsum;Klein Garnwerd;;;12;
3;NLD;Groningen;Winsum;Klein Wetsinge;;;12;
3;NLD;Groningen;Winsum;Krassum;;;12;
3;NLD;Groningen;Winsum;Lutke Saaksum;;;12;
3;NLD;Groningen;Winsum;Maarhuizen;;;12;
3;NLD;Groningen;Winsum;Noordpolder;;;12;
3;NLD;Groningen;Winsum;Obergum;;;12;
3;NLD;Groningen;Winsum;Oldijk;;;12;
3;NLD;Groningen;Winsum;Oostum;;;12;
3;NLD;Groningen;Winsum;Paddepoel;;;12;
3;NLD;Groningen;Winsum;Ranum;;;12;
3;NLD;Groningen;Winsum;Rasquert;;;12;
3;NLD;Groningen;Winsum;Ripperda;;;12;
3;NLD;Groningen;Winsum;Saaxumhuizen;;;12;
3;NLD;Groningen;Winsum;Sauwerd;;;12;
3;NLD;Groningen;Winsum;Sauwerdermeeden;;;12;
3;NLD;Groningen;Winsum;Schifpot;;;12;
3;NLD;Groningen;Winsum;Suttum;;;12;
3;NLD;Groningen;Winsum;Tijum;;;12;
3;NLD;Groningen;Winsum;Tinallinge;;;12;
3;NLD;Groningen;Winsum;Tynallinge;;;12;
3;NLD;Groningen;Winsum;Valkum;;;12;
3;NLD;Groningen;Winsum;Wetsinge;;;12;
3;NLD;Groningen;Winsum;Wierum;;;12;
3;NLD;Groningen;Winsum;Wierumerschouw;;;12;
3;NLD;Groningen;Winsum;Winsum;;;12;
3;NLD;Groningen;Winsum;Winsumermeeden;;;12;
2;NLD;Groningen;Zuidhorn;;E6.400;N53.250;10;
3;NLD;Groningen;Zuidhorn;Aalsum;;;12;
3;NLD;Groningen;Zuidhorn;Aalzum;;;12;
3;NLD;Groningen;Zuidhorn;Aduard;E6.4592742919921875;N53.256587554596635;12;
3;NLD;Groningen;Zuidhorn;Balmahuizen;;;12;
3;NLD;Groningen;Zuidhorn;Barnwerd;;;12;
3;NLD;Groningen;Zuidhorn;Briltil;;;12;
3;NLD;Groningen;Zuidhorn;Buikstede;;;12;
3;NLD;Groningen;Zuidhorn;De Kampen;;;12;
3;NLD;Groningen;Zuidhorn;De Poffert;;;12;
3;NLD;Groningen;Zuidhorn;De Ruigewaard;;;12;
3;NLD;Groningen;Zuidhorn;Den Ham;;;12;
3;NLD;Groningen;Zuidhorn;Den Horn;;;12;
3;NLD;Groningen;Zuidhorn;Diepswal;;;12;
3;NLD;Groningen;Zuidhorn;Electra;;;12;
3;NLD;Groningen;Zuidhorn;Englum;;;12;
3;NLD;Groningen;Zuidhorn;Fransum;;;12;
3;NLD;Groningen;Zuidhorn;Frytum;;;12;
3;NLD;Groningen;Zuidhorn;Gaaikemadijk;;;12;
3;NLD;Groningen;Zuidhorn;Gaaikemaweer;;;12;
3;NLD;Groningen;Zuidhorn;Gaarkeuken;;;12;
3;NLD;Groningen;Zuidhorn;Grijpskerk;E6.30615234375;N53.26357013647525;12;
3;NLD;Groningen;Zuidhorn;Heereburen;;;12;
3;NLD;Groningen;Zuidhorn;Hoekje;;;12;
3;NLD;Groningen;Zuidhorn;Hogemeeden;;;12;
3;NLD;Groningen;Zuidhorn;Hoogemeeden;;;12;
3;NLD;Groningen;Zuidhorn;Humsterland;;;12;
3;NLD;Groningen;Zuidhorn;Ikum;;;12;
3;NLD;Groningen;Zuidhorn;Kenwerd;;;12;
3;NLD;Groningen;Zuidhorn;Kommerzijl;;;12;
3;NLD;Groningen;Zuidhorn;Korhorn;;;12;
3;NLD;Groningen;Zuidhorn;Lagemeeden;;;12;
3;NLD;Groningen;Zuidhorn;Lammerburen;;;12;
3;NLD;Groningen;Zuidhorn;Lauwerzijl;;;12;
3;NLD;Groningen;Zuidhorn;Niehove;E6.36713094570304;N53.2912737536497;12;
3;NLD;Groningen;Zuidhorn;Nieuwklap;;;12;
3;NLD;Groningen;Zuidhorn;Niezijl;E6.33903624321266;N53.2673919972167;12;
3;NLD;Groningen;Zuidhorn;Noorderburen;;;12;
3;NLD;Groningen;Zuidhorn;Noordhorn;E6.3961029052734375;N53.261927278592474;12;
3;NLD;Groningen;Zuidhorn;Noordhornerga;;;12;
3;NLD;Groningen;Zuidhorn;Noordhornertolhek;;;12;
3;NLD;Groningen;Zuidhorn;Okswerd;;;12;
3;NLD;Groningen;Zuidhorn;Oldehove;E6.392841339111328;N53.30339012070354;12;
3;NLD;Groningen;Zuidhorn;Pama;;;12;
3;NLD;Groningen;Zuidhorn;Pieterzijl;;;12;
3;NLD;Groningen;Zuidhorn;Ruigezand;;;12;
3;NLD;Groningen;Zuidhorn;Saaksum;;;12;
3;NLD;Groningen;Zuidhorn;Selwerd;;;12;
3;NLD;Groningen;Zuidhorn;Spanjaardsdijk;;;12;
3;NLD;Groningen;Zuidhorn;Steentil;;;12;
3;NLD;Groningen;Zuidhorn;Visvliet;;;12;
3;NLD;Groningen;Zuidhorn;Wierumerschouw;;;12;
3;NLD;Groningen;Zuidhorn;Zuidhorn;E6.400566101074219;N53.24559794831132;12;
1;NLD;Limburg;;;;;7;places/NLD/flags/LI.gif
2;NLD;Limburg;Ambt Montfort;;;;10;
3;NLD;Limburg;Ambt Montfort;Holst;;;12;
3;NLD;Limburg;Ambt Montfort;Lerop;;;12;
3;NLD;Limburg;Ambt Montfort;Montfort;;;12;
3;NLD;Limburg;Ambt Montfort;Paarlo;;;12;
3;NLD;Limburg;Ambt Montfort;Posterholt;;;12;
3;NLD;Limburg;Ambt Montfort;Putbroek;;;12;
3;NLD;Limburg;Ambt Montfort;Reutje;;;12;
3;NLD;Limburg;Ambt Montfort;Sint Odiliënberg;;;12;
3;NLD;Limburg;Ambt Montfort;St Odiliënberg;;;12;
3;NLD;Limburg;Ambt Montfort;Voorst;;;12;
3;NLD;Limburg;Ambt Montfort;Voorsterveld;;;12;
2;NLD;Limburg;Arcen en Velden;;;;10;
3;NLD;Limburg;Arcen en Velden;Arcen;;;12;
3;NLD;Limburg;Arcen en Velden;Lomm;;;12;
3;NLD;Limburg;Arcen en Velden;Schandelo;;;12;
3;NLD;Limburg;Arcen en Velden;Velden;;;12;
2;NLD;Limburg;Beek;;;;10;
3;NLD;Limburg;Beek;Beek;;;12;
3;NLD;Limburg;Beek;Geverik;;;12;
3;NLD;Limburg;Beek;Groot Genhout;;;12;
3;NLD;Limburg;Beek;Kelmond;;;12;
3;NLD;Limburg;Beek;Klein Genhout;;;12;
3;NLD;Limburg;Beek;Luchthaven Zuid-Limburg;;;12;
3;NLD;Limburg;Beek;Neerbeek;;;12;
3;NLD;Limburg;Beek;Spaubeek;;;12;
2;NLD;Limburg;Beesel;;;;10;
3;NLD;Limburg;Beesel;Beesel;;;12;
3;NLD;Limburg;Beesel;Offenbeek;;;12;
3;NLD;Limburg;Beesel;Reuver;;;12;
2;NLD;Limburg;Bergen;;;;10;
3;NLD;Limburg;Bergen;Afferden;;;12;
3;NLD;Limburg;Bergen;Aijen;;;12;
3;NLD;Limburg;Bergen;Augustinus;;;12;
3;NLD;Limburg;Bergen;Bergen;;;12;
3;NLD;Limburg;Bergen;Hamert;;;12;
3;NLD;Limburg;Bergen;Leuken;;;12;
3;NLD;Limburg;Bergen;Nieuw Bergen;;;12;
3;NLD;Limburg;Bergen;Siebengewald;;;12;
3;NLD;Limburg;Bergen;Well;;;12;
3;NLD;Limburg;Bergen;Wellerlooi;;;12;
2;NLD;Limburg;Brunssum;;;;10;
3;NLD;Limburg;Brunssum;Bouwberg;;;12;
3;NLD;Limburg;Brunssum;Brunssum;;;12;
3;NLD;Limburg;Brunssum;Rumpen;;;12;
3;NLD;Limburg;Brunssum;Treebeek;;;12;
2;NLD;Limburg;Echt-Susteren;;;;10;
3;NLD;Limburg;Echt-Susteren;Aasterberg;;;12;
3;NLD;Limburg;Echt-Susteren;Annendaal;;;12;
3;NLD;Limburg;Echt-Susteren;Baakhoven;;;12;
3;NLD;Limburg;Echt-Susteren;Berkelaar;;;12;
3;NLD;Limburg;Echt-Susteren;Dieteren;;;12;
3;NLD;Limburg;Echt-Susteren;Echt;;;12;
3;NLD;Limburg;Echt-Susteren;Echterbosch;;;12;
3;NLD;Limburg;Echt-Susteren;Gebroek;;;12;
3;NLD;Limburg;Echt-Susteren;Heide;;;12;
3;NLD;Limburg;Echt-Susteren;Hingen;;;12;
3;NLD;Limburg;Echt-Susteren;Illikhoven;;;12;
3;NLD;Limburg;Echt-Susteren;Kokkelert;;;12;
3;NLD;Limburg;Echt-Susteren;Koningsbosch;;;12;
3;NLD;Limburg;Echt-Susteren;Maria-hoop;;;12;
3;NLD;Limburg;Echt-Susteren;Mariahoop;;;12;
3;NLD;Limburg;Echt-Susteren;Nieuwstadt;;;12;
3;NLD;Limburg;Echt-Susteren;Oevereind;;;12;
3;NLD;Limburg;Echt-Susteren;Ophoven;;;12;
3;NLD;Limburg;Echt-Susteren;Oud-Roosteren;;;12;
3;NLD;Limburg;Echt-Susteren;Peij;;;12;
3;NLD;Limburg;Echt-Susteren;Pey;;;12;
3;NLD;Limburg;Echt-Susteren;Roosteren;;;12;
3;NLD;Limburg;Echt-Susteren;Schilberg;;;12;
3;NLD;Limburg;Echt-Susteren;Sint Joost;;;12;
3;NLD;Limburg;Echt-Susteren;Slek;;;12;
3;NLD;Limburg;Echt-Susteren;St Joost;;;12;
3;NLD;Limburg;Echt-Susteren;Susteren;;;12;
3;NLD;Limburg;Echt-Susteren;Visserweert;;;12;
2;NLD;Limburg;Eijsden;;;;10;
3;NLD;Limburg;Eijsden;Breust;;;12;
3;NLD;Limburg;Eijsden;Eijsden;;;12;
3;NLD;Limburg;Eijsden;Gronsveld;;;12;
3;NLD;Limburg;Eijsden;Maarland;;;12;
3;NLD;Limburg;Eijsden;Mariadorp;;;12;
3;NLD;Limburg;Eijsden;Mesch;;;12;
3;NLD;Limburg;Eijsden;Oost-Maarland;;;12;
3;NLD;Limburg;Eijsden;Rijckholt;;;12;
3;NLD;Limburg;Eijsden;Withuis;;;12;
2;NLD;Limburg;Gennep;;;;10;
3;NLD;Limburg;Gennep;Aaldonk;;;12;
3;NLD;Limburg;Gennep;Dam;;;12;
3;NLD;Limburg;Gennep;De Looi;;;12;
3;NLD;Limburg;Gennep;Diekendaal;;;12;
3;NLD;Limburg;Gennep;Gennep;;;12;
3;NLD;Limburg;Gennep;Heijen;;;12;
3;NLD;Limburg;Gennep;Hekkens;;;12;
3;NLD;Limburg;Gennep;Milsbeek;;;12;
3;NLD;Limburg;Gennep;Ottersum;;;12;
3;NLD;Limburg;Gennep;Smele;;;12;
3;NLD;Limburg;Gennep;Ven-Zelderheide;;;12;
3;NLD;Limburg;Gennep;Zelder;;;12;
2;NLD;Limburg;Gulpen-Wittem;;;;10;
3;NLD;Limburg;Gulpen-Wittem;Beertsenhoven;;;12;
3;NLD;Limburg;Gulpen-Wittem;Berghem;;;12;
3;NLD;Limburg;Gulpen-Wittem;Berghof;;;12;
3;NLD;Limburg;Gulpen-Wittem;Beutenaken;;;12;
3;NLD;Limburg;Gulpen-Wittem;Billinghuizen;;;12;
3;NLD;Limburg;Gulpen-Wittem;Bissen;;;12;
3;NLD;Limburg;Gulpen-Wittem;Bommerig;;;12;
3;NLD;Limburg;Gulpen-Wittem;Broek;;;12;
3;NLD;Limburg;Gulpen-Wittem;Cartils;;;12;
3;NLD;Limburg;Gulpen-Wittem;Crapoel;;;12;
3;NLD;Limburg;Gulpen-Wittem;Dal;;;12;
3;NLD;Limburg;Gulpen-Wittem;De Hut;;;12;
3;NLD;Limburg;Gulpen-Wittem;Diependal;;;12;
3;NLD;Limburg;Gulpen-Wittem;Dijk;;;12;
3;NLD;Limburg;Gulpen-Wittem;Elkenrade;;;12;
3;NLD;Limburg;Gulpen-Wittem;Elzet;;;12;
3;NLD;Limburg;Gulpen-Wittem;Epen;;;12;
3;NLD;Limburg;Gulpen-Wittem;Eperheide;;;12;
3;NLD;Limburg;Gulpen-Wittem;Etenaken;;;12;
3;NLD;Limburg;Gulpen-Wittem;Euverem;;;12;
3;NLD;Limburg;Gulpen-Wittem;Eys;;;12;
3;NLD;Limburg;Gulpen-Wittem;Eyserheide;;;12;
3;NLD;Limburg;Gulpen-Wittem;Gracht;;;12;
3;NLD;Limburg;Gulpen-Wittem;Gulpen;;;12;
3;NLD;Limburg;Gulpen-Wittem;Heijenrath;;;12;
3;NLD;Limburg;Gulpen-Wittem;Helle;;;12;
3;NLD;Limburg;Gulpen-Wittem;Hilleshagen;;;12;
3;NLD;Limburg;Gulpen-Wittem;Hurpesch;;;12;
3;NLD;Limburg;Gulpen-Wittem;Höfke;;;12;
3;NLD;Limburg;Gulpen-Wittem;Ingber;;;12;
3;NLD;Limburg;Gulpen-Wittem;Kapolder;;;12;
3;NLD;Limburg;Gulpen-Wittem;Kleeberg;;;12;
3;NLD;Limburg;Gulpen-Wittem;Kosberg;;;12;
3;NLD;Limburg;Gulpen-Wittem;Kuttingen;;;12;
3;NLD;Limburg;Gulpen-Wittem;Landsrade;;;12;
3;NLD;Limburg;Gulpen-Wittem;Mechelen;;;12;
3;NLD;Limburg;Gulpen-Wittem;Mingersberg;;;12;
3;NLD;Limburg;Gulpen-Wittem;Nijswiller;;;12;
3;NLD;Limburg;Gulpen-Wittem;Overeys;;;12;
3;NLD;Limburg;Gulpen-Wittem;Overgeul;;;12;
3;NLD;Limburg;Gulpen-Wittem;Partij;;;12;
3;NLD;Limburg;Gulpen-Wittem;Pesaken;;;12;
3;NLD;Limburg;Gulpen-Wittem;Piepert;;;12;
3;NLD;Limburg;Gulpen-Wittem;Plaat;;;12;
3;NLD;Limburg;Gulpen-Wittem;Reijmerstok;;;12;
3;NLD;Limburg;Gulpen-Wittem;Schilberg;;;12;
3;NLD;Limburg;Gulpen-Wittem;Schweiberg;;;12;
3;NLD;Limburg;Gulpen-Wittem;Sinselbeek;;;12;
3;NLD;Limburg;Gulpen-Wittem;Slenaken;;;12;
3;NLD;Limburg;Gulpen-Wittem;Stokhem;;;12;
3;NLD;Limburg;Gulpen-Wittem;Terlinden;;;12;
3;NLD;Limburg;Gulpen-Wittem;Terpoorten;;;12;
3;NLD;Limburg;Gulpen-Wittem;Terziet;;;12;
3;NLD;Limburg;Gulpen-Wittem;Trintelen;;;12;
3;NLD;Limburg;Gulpen-Wittem;Wahlwiller;;;12;
3;NLD;Limburg;Gulpen-Wittem;Wijlre;;;12;
3;NLD;Limburg;Gulpen-Wittem;Wittem;;;12;
2;NLD;Limburg;Haelen;;;;10;
3;NLD;Limburg;Haelen;Buggenum;;;12;
3;NLD;Limburg;Haelen;Haelen;;;12;
3;NLD;Limburg;Haelen;Horn;;;12;
3;NLD;Limburg;Haelen;Nunhem;;;12;
2;NLD;Limburg;Heel;;;;10;
3;NLD;Limburg;Heel;Beegden;;;12;
3;NLD;Limburg;Heel;Heel;;;12;
3;NLD;Limburg;Heel;Panheel;;;12;
3;NLD;Limburg;Heel;Wessem;;;12;
2;NLD;Limburg;Heerlen;;;;10;
3;NLD;Limburg;Heerlen;Beersdal;;;12;
3;NLD;Limburg;Heerlen;Beitel;;;12;
3;NLD;Limburg;Heerlen;Beuzenrade;;;12;
3;NLD;Limburg;Heerlen;Heerlen;;;12;
3;NLD;Limburg;Heerlen;Heerlerbaan;;;12;
3;NLD;Limburg;Heerlen;Heerlerheide;;;12;
3;NLD;Limburg;Heerlen;Hoensbroek;;;12;
3;NLD;Limburg;Heerlen;Nieuw Einde;;;12;
3;NLD;Limburg;Heerlen;Onderste Locht;;;12;
3;NLD;Limburg;Heerlen;Palemig;;;12;
3;NLD;Limburg;Heerlen;Welten;;;12;
2;NLD;Limburg;Helden;;;;10;
3;NLD;Limburg;Helden;Beringe;;;12;
3;NLD;Limburg;Helden;Egchel;;;12;
3;NLD;Limburg;Helden;Grashoek;;;12;
3;NLD;Limburg;Helden;Helden;;;12;
3;NLD;Limburg;Helden;Koningslust;;;12;
3;NLD;Limburg;Helden;Panningen;;;12;
2;NLD;Limburg;Heythuysen;;;;10;
3;NLD;Limburg;Heythuysen;Baexem;;;12;
3;NLD;Limburg;Heythuysen;Grathem;;;12;
3;NLD;Limburg;Heythuysen;Heythuysen;;;12;
3;NLD;Limburg;Heythuysen;Kelpen;;;12;
3;NLD;Limburg;Heythuysen;Kelpen-Oler;;;12;
3;NLD;Limburg;Heythuysen;Oler;;;12;
2;NLD;Limburg;Horst aan de Maas;;;;10;
3;NLD;Limburg;Horst aan de Maas;America;;;12;
3;NLD;Limburg;Horst aan de Maas;Broekeind;;;12;
3;NLD;Limburg;Horst aan de Maas;Broekhuizen;;;12;
3;NLD;Limburg;Horst aan de Maas;Broekhuizenvorst;;;12;
3;NLD;Limburg;Horst aan de Maas;Californië;;;12;
3;NLD;Limburg;Horst aan de Maas;De Steegh;;;12;
3;NLD;Limburg;Horst aan de Maas;Griendtsveen;;;12;
3;NLD;Limburg;Horst aan de Maas;Grubbenvorst;;;12;
3;NLD;Limburg;Horst aan de Maas;Hegelsom;;;12;
3;NLD;Limburg;Horst aan de Maas;Homberg;;;12;
3;NLD;Limburg;Horst aan de Maas;Horst;;;12;
3;NLD;Limburg;Horst aan de Maas;Houthuizen;;;12;
3;NLD;Limburg;Horst aan de Maas;Lottum;;;12;
3;NLD;Limburg;Horst aan de Maas;Lovendaal;;;12;
3;NLD;Limburg;Horst aan de Maas;Melderslo;;;12;
3;NLD;Limburg;Horst aan de Maas;Meterik;;;12;
3;NLD;Limburg;Horst aan de Maas;Ooijen;;;12;
3;NLD;Limburg;Horst aan de Maas;Raaieind;;;12;
3;NLD;Limburg;Horst aan de Maas;Wielder;;;12;
3;NLD;Limburg;Horst aan de Maas;Zwaanenheike;;;12;
2;NLD;Limburg;Hunsel;;;;10;
3;NLD;Limburg;Hunsel;Ell;;;12;
3;NLD;Limburg;Hunsel;Haler;;;12;
3;NLD;Limburg;Hunsel;Hunsel;;;12;
3;NLD;Limburg;Hunsel;Ittervoort;;;12;
3;NLD;Limburg;Hunsel;Neeritter;;;12;
2;NLD;Limburg;Kerkrade;;;;10;
3;NLD;Limburg;Kerkrade;Beerenbos;;;12;
3;NLD;Limburg;Kerkrade;Bleijerheide;;;12;
3;NLD;Limburg;Kerkrade;Bovenste Locht;;;12;
3;NLD;Limburg;Kerkrade;Chèvremont;;;12;
3;NLD;Limburg;Kerkrade;Eygelshoven;;;12;
3;NLD;Limburg;Kerkrade;Haanrade;;;12;
3;NLD;Limburg;Kerkrade;Hopel;;;12;
3;NLD;Limburg;Kerkrade;Kaalheide;;;12;
3;NLD;Limburg;Kerkrade;Kerkrade;;;12;
3;NLD;Limburg;Kerkrade;Spekholzerheide;;;12;
3;NLD;Limburg;Kerkrade;Terwinselen;;;12;
2;NLD;Limburg;Kessel;;;;10;
3;NLD;Limburg;Kessel;Broek;;;12;
3;NLD;Limburg;Kessel;Dijk;;;12;
3;NLD;Limburg;Kessel;Donk;;;12;
3;NLD;Limburg;Kessel;Heide;;;12;
3;NLD;Limburg;Kessel;Hout;;;12;
3;NLD;Limburg;Kessel;Kessel;;;12;
3;NLD;Limburg;Kessel;Kesseleik;;;12;
3;NLD;Limburg;Kessel;Kruisberg;;;12;
3;NLD;Limburg;Kessel;Oijen;;;12;
3;NLD;Limburg;Kessel;Spurkt;;;12;
3;NLD;Limburg;Kessel;Veers;;;12;
2;NLD;Limburg;Landgraaf;;;;10;
3;NLD;Limburg;Landgraaf;Abdissenbosch;;;12;
3;NLD;Limburg;Landgraaf;Kakert;;;12;
3;NLD;Limburg;Landgraaf;Landgraaf;;;12;
3;NLD;Limburg;Landgraaf;Lauradorp;;;12;
3;NLD;Limburg;Landgraaf;Nieuwenhagen;;;12;
3;NLD;Limburg;Landgraaf;Rimburg;;;12;
3;NLD;Limburg;Landgraaf;Schaesberg;;;12;
3;NLD;Limburg;Landgraaf;Ubach over Worms;;;12;
3;NLD;Limburg;Landgraaf;Waubach;;;12;
2;NLD;Limburg;Maasbracht;;;;10;
3;NLD;Limburg;Maasbracht;Bilt;;;12;
3;NLD;Limburg;Maasbracht;Brandt;;;12;
3;NLD;Limburg;Maasbracht;De Weerd;;;12;
3;NLD;Limburg;Maasbracht;Eiland;;;12;
3;NLD;Limburg;Maasbracht;Laak;;;12;
3;NLD;Limburg;Maasbracht;Linne;;;12;
3;NLD;Limburg;Maasbracht;Maasbracht;;;12;
3;NLD;Limburg;Maasbracht;Maasbracht-Beek;;;12;
3;NLD;Limburg;Maasbracht;Ohé;;;12;
3;NLD;Limburg;Maasbracht;Ohé en Laak;;;12;
3;NLD;Limburg;Maasbracht;Sint Joost;;;12;
3;NLD;Limburg;Maasbracht;St Joost;;;12;
3;NLD;Limburg;Maasbracht;Stevensweert;;;12;
2;NLD;Limburg;Maasbree;;;;10;
3;NLD;Limburg;Maasbree;Baarlo;;;12;
3;NLD;Limburg;Maasbree;Maasbree;;;12;
3;NLD;Limburg;Maasbree;Rooth;;;12;
3;NLD;Limburg;Maasbree;Tongerlo;;;12;
2;NLD;Limburg;Maastricht;;;;10;
3;NLD;Limburg;Maastricht;Amby;;;12;
3;NLD;Limburg;Maastricht;Biesland;;;12;
3;NLD;Limburg;Maastricht;Borgharen;;;12;
3;NLD;Limburg;Maastricht;Bosscherveld;;;12;
3;NLD;Limburg;Maastricht;Caberg;;;12;
3;NLD;Limburg;Maastricht;Heer;;;12;
3;NLD;Limburg;Maastricht;Heugem;;;12;
3;NLD;Limburg;Maastricht;Itteren;;;12;
3;NLD;Limburg;Maastricht;Limmel;;;12;
3;NLD;Limburg;Maastricht;Maastricht;;;12;
2;NLD;Limburg;Margraten;;;;10;
3;NLD;Limburg;Margraten;'t Rooth;;;12;
3;NLD;Limburg;Margraten;Banholt;;;12;
3;NLD;Limburg;Margraten;Bemelen;;;12;
3;NLD;Limburg;Margraten;Bergenhuizen;;;12;
3;NLD;Limburg;Margraten;Bruisterbosch;;;12;
3;NLD;Limburg;Margraten;Cadier en Keer;;;12;
3;NLD;Limburg;Margraten;Eckelrade;;;12;
3;NLD;Limburg;Margraten;Gasthuis;;;12;
3;NLD;Limburg;Margraten;Groot-Welsden;;;12;
3;NLD;Limburg;Margraten;Herkenrade;;;12;
3;NLD;Limburg;Margraten;Honthem;;;12;
3;NLD;Limburg;Margraten;Hoogcruts;;;12;
3;NLD;Limburg;Margraten;Klein Welsden;;;12;
3;NLD;Limburg;Margraten;Margraten;;;12;
3;NLD;Limburg;Margraten;Mheer;;;12;
3;NLD;Limburg;Margraten;Moerslag;;;12;
3;NLD;Limburg;Margraten;Noorbeek;;;12;
3;NLD;Limburg;Margraten;Scheulder;;;12;
3;NLD;Limburg;Margraten;Schey;;;12;
3;NLD;Limburg;Margraten;Schilberg;;;12;
3;NLD;Limburg;Margraten;Sint Antoniusbank;;;12;
3;NLD;Limburg;Margraten;Sint Geertruid;;;12;
3;NLD;Limburg;Margraten;St Geertruid;;;12;
3;NLD;Limburg;Margraten;Terhorst;;;12;
3;NLD;Limburg;Margraten;Terlinden;;;12;
3;NLD;Limburg;Margraten;Termaar;;;12;
3;NLD;Limburg;Margraten;Wolfshuis;;;12;
2;NLD;Limburg;Meerlo-Wanssum;;;;10;
3;NLD;Limburg;Meerlo-Wanssum;Blitterswijck;;;12;
3;NLD;Limburg;Meerlo-Wanssum;Geijsteren;;;12;
3;NLD;Limburg;Meerlo-Wanssum;Geysteren;;;12;
3;NLD;Limburg;Meerlo-Wanssum;Meerlo;;;12;
3;NLD;Limburg;Meerlo-Wanssum;Swolgen;;;12;
3;NLD;Limburg;Meerlo-Wanssum;Tienray;;;12;
3;NLD;Limburg;Meerlo-Wanssum;Wanssum;;;12;
2;NLD;Limburg;Meerssen;;;;10;
3;NLD;Limburg;Meerssen;Brommelen;;;12;
3;NLD;Limburg;Meerssen;Bunde;;;12;
3;NLD;Limburg;Meerssen;Cazen;;;12;
3;NLD;Limburg;Meerssen;Geulle;;;12;
3;NLD;Limburg;Meerssen;Hulsen;;;12;
3;NLD;Limburg;Meerssen;Meerssen;;;12;
3;NLD;Limburg;Meerssen;Moorveld;;;12;
3;NLD;Limburg;Meerssen;Rothem;;;12;
3;NLD;Limburg;Meerssen;Smeermaas;;;12;
3;NLD;Limburg;Meerssen;Ulestraten;;;12;
2;NLD;Limburg;Meijel;;;;10;
3;NLD;Limburg;Meijel;Meijel;;;12;
2;NLD;Limburg;Mook en Middelaar;;;;10;
3;NLD;Limburg;Mook en Middelaar;Middelaar;;;12;
3;NLD;Limburg;Mook en Middelaar;Molenhoek;;;12;
3;NLD;Limburg;Mook en Middelaar;Mook;;;12;
3;NLD;Limburg;Mook en Middelaar;Plasmolen;;;12;
2;NLD;Limburg;Nederweert;;;;10;
3;NLD;Limburg;Nederweert;Boeket;;;12;
3;NLD;Limburg;Nederweert;Budschap;;;12;
3;NLD;Limburg;Nederweert;Budschop;;;12;
3;NLD;Limburg;Nederweert;Hulsen;;;12;
3;NLD;Limburg;Nederweert;Leveroy;;;12;
3;NLD;Limburg;Nederweert;Nederweert;;;12;
3;NLD;Limburg;Nederweert;Nederweert Eind;;;12;
3;NLD;Limburg;Nederweert;Nederweert-Eind;;;12;
3;NLD;Limburg;Nederweert;Ospel;;;12;
3;NLD;Limburg;Nederweert;Schoor;;;12;
2;NLD;Limburg;Nuth;;;;10;
3;NLD;Limburg;Nuth;Aalbeek;;;12;
3;NLD;Limburg;Nuth;Arensgenhout;;;12;
3;NLD;Limburg;Nuth;Haasdal;;;12;
3;NLD;Limburg;Nuth;Heek;;;12;
3;NLD;Limburg;Nuth;Hulsberg;;;12;
3;NLD;Limburg;Nuth;Hunnecum;;;12;
3;NLD;Limburg;Nuth;Klimmen;;;12;
3;NLD;Limburg;Nuth;Nuth;;;12;
3;NLD;Limburg;Nuth;Oensel;;;12;
3;NLD;Limburg;Nuth;Schimmert;;;12;
3;NLD;Limburg;Nuth;Swier;;;12;
3;NLD;Limburg;Nuth;Vaesrade;;;12;
3;NLD;Limburg;Nuth;Wijnandsrade;;;12;
2;NLD;Limburg;Onderbanken;;;;10;
3;NLD;Limburg;Onderbanken;Bingelrade;;;12;
3;NLD;Limburg;Onderbanken;Douvergenhout;;;12;
3;NLD;Limburg;Onderbanken;Etzenrade;;;12;
3;NLD;Limburg;Onderbanken;Jabeek;;;12;
3;NLD;Limburg;Onderbanken;Merkelbeek;;;12;
3;NLD;Limburg;Onderbanken;Op den Hering;;;12;
3;NLD;Limburg;Onderbanken;Quabeek;;;12;
3;NLD;Limburg;Onderbanken;Raath;;;12;
3;NLD;Limburg;Onderbanken;Schinveld;;;12;
3;NLD;Limburg;Onderbanken;Viel;;;12;
2;NLD;Limburg;Roerdalen;;;;10;
3;NLD;Limburg;Roerdalen;Herkenbosch;;;12;
3;NLD;Limburg;Roerdalen;Melick;;;12;
3;NLD;Limburg;Roerdalen;Melick en Herkenbosch;;;12;
3;NLD;Limburg;Roerdalen;Vlodrop;;;12;
2;NLD;Limburg;Roermond;;;;10;
3;NLD;Limburg;Roermond;Asenray;;;12;
3;NLD;Limburg;Roermond;Azenray;;;12;
3;NLD;Limburg;Roermond;Herten;;;12;
3;NLD;Limburg;Roermond;Leeuwen;;;12;
3;NLD;Limburg;Roermond;Maasniel;;;12;
3;NLD;Limburg;Roermond;Merum;;;12;
3;NLD;Limburg;Roermond;Ool;;;12;
3;NLD;Limburg;Roermond;Roermond;;;12;
2;NLD;Limburg;Roggel en Neer;;;;10;
3;NLD;Limburg;Roggel en Neer;Heibloem;;;12;
3;NLD;Limburg;Roggel en Neer;Neer;;;12;
3;NLD;Limburg;Roggel en Neer;Roggel;;;12;
2;NLD;Limburg;Schinnen;;;;10;
3;NLD;Limburg;Schinnen;Amstenrade;;;12;
3;NLD;Limburg;Schinnen;Doenrade;;;12;
3;NLD;Limburg;Schinnen;Oirsbeek;;;12;
3;NLD;Limburg;Schinnen;Puth;;;12;
3;NLD;Limburg;Schinnen;Schinnen;;;12;
3;NLD;Limburg;Schinnen;Sweikhuizen;;;12;
2;NLD;Limburg;Sevenum;;;;10;
3;NLD;Limburg;Sevenum;Evertsoord;;;12;
3;NLD;Limburg;Sevenum;Kronenberg;;;12;
3;NLD;Limburg;Sevenum;Sevenum;;;12;
2;NLD;Limburg;Simpelveld;;;;10;
3;NLD;Limburg;Simpelveld;Baneheide;;;12;
3;NLD;Limburg;Simpelveld;Bocholtz;;;12;
3;NLD;Limburg;Simpelveld;Simpelveld;;;12;
2;NLD;Limburg;Sittard-Geleen;;;;10;
3;NLD;Limburg;Sittard-Geleen;Abshoven;;;12;
3;NLD;Limburg;Sittard-Geleen;Born;;;12;
3;NLD;Limburg;Sittard-Geleen;Broeksittard;;;12;
3;NLD;Limburg;Sittard-Geleen;Buchten;;;12;
3;NLD;Limburg;Sittard-Geleen;Daniken;;;12;
3;NLD;Limburg;Sittard-Geleen;Einighausen;;;12;
3;NLD;Limburg;Sittard-Geleen;Gebroek;;;12;
3;NLD;Limburg;Sittard-Geleen;Geleen;;;12;
3;NLD;Limburg;Sittard-Geleen;Graetheide;;;12;
3;NLD;Limburg;Sittard-Geleen;Grevenbicht;;;12;
3;NLD;Limburg;Sittard-Geleen;Guttecoven;;;12;
3;NLD;Limburg;Sittard-Geleen;Holtum;;;12;
3;NLD;Limburg;Sittard-Geleen;Illikhoven;;;12;
3;NLD;Limburg;Sittard-Geleen;Limbricht;;;12;
3;NLD;Limburg;Sittard-Geleen;Munstergeleen;;;12;
3;NLD;Limburg;Sittard-Geleen;Obbicht;;;12;
3;NLD;Limburg;Sittard-Geleen;Papenhoven;;;12;
3;NLD;Limburg;Sittard-Geleen;Schipperskerk;;;12;
3;NLD;Limburg;Sittard-Geleen;Sittard;;;12;
3;NLD;Limburg;Sittard-Geleen;Windraak;;;12;
2;NLD;Limburg;Stein;;;;10;
3;NLD;Limburg;Stein;Berg;;;12;
3;NLD;Limburg;Stein;Berg aan de Maas;;;12;
3;NLD;Limburg;Stein;Catsop;;;12;
3;NLD;Limburg;Stein;Elsloo;;;12;
3;NLD;Limburg;Stein;Maasband;;;12;
3;NLD;Limburg;Stein;Meers;;;12;
3;NLD;Limburg;Stein;Nattenhoven;;;12;
3;NLD;Limburg;Stein;Stein;;;12;
3;NLD;Limburg;Stein;Terhagen;;;12;
3;NLD;Limburg;Stein;Urmond;;;12;
3;NLD;Limburg;Stein;Veldschuur;;;12;
2;NLD;Limburg;Swalmen;;;;10;
3;NLD;Limburg;Swalmen;Asselt;;;12;
3;NLD;Limburg;Swalmen;Boekoel;;;12;
3;NLD;Limburg;Swalmen;Boukoul;;;12;
3;NLD;Limburg;Swalmen;Swalmen;;;12;
2;NLD;Limburg;Thorn;;;;10;
3;NLD;Limburg;Thorn;Thorn;;;12;
2;NLD;Limburg;Vaals;;;;10;
3;NLD;Limburg;Vaals;Camerig;;;12;
3;NLD;Limburg;Vaals;Cottessen;;;12;
3;NLD;Limburg;Vaals;Harles;;;12;
3;NLD;Limburg;Vaals;Holset;;;12;
3;NLD;Limburg;Vaals;Lemiers;;;12;
3;NLD;Limburg;Vaals;Mamelis;;;12;
3;NLD;Limburg;Vaals;Melleschet;;;12;
3;NLD;Limburg;Vaals;Oud Lemiers;;;12;
3;NLD;Limburg;Vaals;Raren;;;12;
3;NLD;Limburg;Vaals;Rott;;;12;
3;NLD;Limburg;Vaals;Vaals;;;12;
3;NLD;Limburg;Vaals;Vijlen;;;12;
3;NLD;Limburg;Vaals;Wolfhaag;;;12;
2;NLD;Limburg;Valkenburg aan de Geul;;;;10;
3;NLD;Limburg;Valkenburg aan de Geul;Berg en Terblijt;;;12;
3;NLD;Limburg;Valkenburg aan de Geul;Broekhem;;;12;
3;NLD;Limburg;Valkenburg aan de Geul;Geulhem;;;12;
3;NLD;Limburg;Valkenburg aan de Geul;Houthem;;;12;
3;NLD;Limburg;Valkenburg aan de Geul;IJzeren;;;12;
3;NLD;Limburg;Valkenburg aan de Geul;Oud Valkenburg;;;12;
3;NLD;Limburg;Valkenburg aan de Geul;Oud-Valkenburg;;;12;
3;NLD;Limburg;Valkenburg aan de Geul;Schin op Geul;;;12;
3;NLD;Limburg;Valkenburg aan de Geul;Schoonbron;;;12;
3;NLD;Limburg;Valkenburg aan de Geul;Sibbe;;;12;
3;NLD;Limburg;Valkenburg aan de Geul;St Gerlach;;;12;
3;NLD;Limburg;Valkenburg aan de Geul;Strucht;;;12;
3;NLD;Limburg;Valkenburg aan de Geul;Valkenburg;;;12;
3;NLD;Limburg;Valkenburg aan de Geul;Vilt;;;12;
3;NLD;Limburg;Valkenburg aan de Geul;Walem;;;12;
2;NLD;Limburg;Venlo;;;;10;
3;NLD;Limburg;Venlo;'t Ven;;;12;
3;NLD;Limburg;Venlo;Beerendonck;;;12;
3;NLD;Limburg;Venlo;Belfeld;;;12;
3;NLD;Limburg;Venlo;Blerick;;;12;
3;NLD;Limburg;Venlo;Boekend;;;12;
3;NLD;Limburg;Venlo;Geloo;;;12;
3;NLD;Limburg;Venlo;Hout-Blerick;;;12;
3;NLD;Limburg;Venlo;Steyl;;;12;
3;NLD;Limburg;Venlo;Tegelen;;;12;
3;NLD;Limburg;Venlo;Venlo;;;12;
2;NLD;Limburg;Venray;;;;10;
3;NLD;Limburg;Venray;Castenray;;;12;
3;NLD;Limburg;Venray;Heide;;;12;
3;NLD;Limburg;Venray;Leunen;;;12;
3;NLD;Limburg;Venray;Merselo;;;12;
3;NLD;Limburg;Venray;Oirlo;;;12;
3;NLD;Limburg;Venray;Oostrum;;;12;
3;NLD;Limburg;Venray;Smakt;;;12;
3;NLD;Limburg;Venray;Veltum;;;12;
3;NLD;Limburg;Venray;Venray;;;12;
3;NLD;Limburg;Venray;Veulen;;;12;
3;NLD;Limburg;Venray;Vredepeel;;;12;
3;NLD;Limburg;Venray;Ysselsteyn;;;12;
2;NLD;Limburg;Voerendaal;;;;10;
3;NLD;Limburg;Voerendaal;Barrier;;;12;
3;NLD;Limburg;Voerendaal;Colmont;;;12;
3;NLD;Limburg;Voerendaal;Craubeek;;;12;
3;NLD;Limburg;Voerendaal;Dolberg;;;12;
3;NLD;Limburg;Voerendaal;Eyserheide;;;12;
3;NLD;Limburg;Voerendaal;Fromberg;;;12;
3;NLD;Limburg;Voerendaal;Heek;;;12;
3;NLD;Limburg;Voerendaal;Hellebeuk;;;12;
3;NLD;Limburg;Voerendaal;Keutenberg;;;12;
3;NLD;Limburg;Voerendaal;Klimmen;;;12;
3;NLD;Limburg;Voerendaal;Koulen;;;12;
3;NLD;Limburg;Voerendaal;Kunrade;;;12;
3;NLD;Limburg;Voerendaal;Mingersberg;;;12;
3;NLD;Limburg;Voerendaal;Opscheumer;;;12;
3;NLD;Limburg;Voerendaal;Overheek;;;12;
3;NLD;Limburg;Voerendaal;Ransdaal;;;12;
3;NLD;Limburg;Voerendaal;Retersbeek;;;12;
3;NLD;Limburg;Voerendaal;Ten Esschen;;;12;
3;NLD;Limburg;Voerendaal;Termaar;;;12;
3;NLD;Limburg;Voerendaal;Termoors;;;12;
3;NLD;Limburg;Voerendaal;Ubachsberg;;;12;
3;NLD;Limburg;Voerendaal;Voerendaal;;;12;
3;NLD;Limburg;Voerendaal;Weustenrade;;;12;
3;NLD;Limburg;Voerendaal;Winthagen;;;12;
2;NLD;Limburg;Weert;;;;10;
3;NLD;Limburg;Weert;Altweert;;;12;
3;NLD;Limburg;Weert;Altweerterheide;;;12;
3;NLD;Limburg;Weert;Boshoven;;;12;
3;NLD;Limburg;Weert;Laar;;;12;
3;NLD;Limburg;Weert;Stramproy;;;12;
3;NLD;Limburg;Weert;Swartbroek;;;12;
3;NLD;Limburg;Weert;Tungelroy;;;12;
3;NLD;Limburg;Weert;Weert;;;12;
1;NLD;Noord Brabant;;;;;7;places/NLD/flags/DR.gif
2;NLD;Noord Brabant;'s-Hertogenbosch;;;;10;
3;NLD;Noord Brabant;'s-Hertogenbosch;'s-Hertogenbosch;;;12;
3;NLD;Noord Brabant;'s-Hertogenbosch;Bokhoven;;;12;
3;NLD;Noord Brabant;'s-Hertogenbosch;Coudewater;;;12;
3;NLD;Noord Brabant;'s-Hertogenbosch;Den Bosch;;;12;
3;NLD;Noord Brabant;'s-Hertogenbosch;Empel;;;12;
3;NLD;Noord Brabant;'s-Hertogenbosch;Engelen;;;12;
3;NLD;Noord Brabant;'s-Hertogenbosch;Hintham;;;12;
3;NLD;Noord Brabant;'s-Hertogenbosch;Kruisstraat;;;12;
3;NLD;Noord Brabant;'s-Hertogenbosch;Maliskamp;;;12;
3;NLD;Noord Brabant;'s-Hertogenbosch;Meerwijk;;;12;
3;NLD;Noord Brabant;'s-Hertogenbosch;Orthen;;;12;
3;NLD;Noord Brabant;'s-Hertogenbosch;Rosmalen;;;12;
2;NLD;Noord Brabant;Aalburg;;;;10;
3;NLD;Noord Brabant;Aalburg;Aalburg;;;12;
3;NLD;Noord Brabant;Aalburg;Babyloniënbroek;;;12;
3;NLD;Noord Brabant;Aalburg;Biesheuvel;;;12;
3;NLD;Noord Brabant;Aalburg;Drongelen;;;12;
3;NLD;Noord Brabant;Aalburg;Eethen;;;12;
3;NLD;Noord Brabant;Aalburg;Genderen;;;12;
3;NLD;Noord Brabant;Aalburg;Meeuwen;;;12;
3;NLD;Noord Brabant;Aalburg;Veen;;;12;
3;NLD;Noord Brabant;Aalburg;Wijk en Aalburg;;;12;
2;NLD;Noord Brabant;Alphen-Chaam;;;;10;
3;NLD;Noord Brabant;Alphen-Chaam;'t Zand;;;12;
3;NLD;Noord Brabant;Alphen-Chaam;Alphen;;;12;
3;NLD;Noord Brabant;Alphen-Chaam;Alphen en Riel;;;12;
3;NLD;Noord Brabant;Alphen-Chaam;Alphen-Boshoven;;;12;
3;NLD;Noord Brabant;Alphen-Chaam;Alphen-Oosterwijk;;;12;
3;NLD;Noord Brabant;Alphen-Chaam;Balleman;;;12;
3;NLD;Noord Brabant;Alphen-Chaam;Boslust;;;12;
3;NLD;Noord Brabant;Alphen-Chaam;Callishoek;;;12;
3;NLD;Noord Brabant;Alphen-Chaam;Chaam;;;12;
3;NLD;Noord Brabant;Alphen-Chaam;Chaamdijk;;;12;
3;NLD;Noord Brabant;Alphen-Chaam;Couwelaar;;;12;
3;NLD;Noord Brabant;Alphen-Chaam;Dassemus;;;12;
3;NLD;Noord Brabant;Alphen-Chaam;Druisdijk;;;12;
3;NLD;Noord Brabant;Alphen-Chaam;Galder;;;12;
3;NLD;Noord Brabant;Alphen-Chaam;Geersbroek;;;12;
3;NLD;Noord Brabant;Alphen-Chaam;Ginderdoor;;;12;
3;NLD;Noord Brabant;Alphen-Chaam;Grazen;;;12;
3;NLD;Noord Brabant;Alphen-Chaam;Heerstaaien;;;12;
3;NLD;Noord Brabant;Alphen-Chaam;Heikant;;;12;
3;NLD;Noord Brabant;Alphen-Chaam;Het Sas;;;12;
3;NLD;Noord Brabant;Alphen-Chaam;Hondseind;;;12;
3;NLD;Noord Brabant;Alphen-Chaam;Houtgoor;;;12;
3;NLD;Noord Brabant;Alphen-Chaam;Kalishoek;;;12;
3;NLD;Noord Brabant;Alphen-Chaam;Klooster;;;12;
3;NLD;Noord Brabant;Alphen-Chaam;Kwaalburg;;;12;
3;NLD;Noord Brabant;Alphen-Chaam;Leg;;;12;
3;NLD;Noord Brabant;Alphen-Chaam;Looneind;;;12;
3;NLD;Noord Brabant;Alphen-Chaam;Meijsberg;;;12;
3;NLD;Noord Brabant;Alphen-Chaam;Notsel;;;12;
3;NLD;Noord Brabant;Alphen-Chaam;Rakens;;;12;
3;NLD;Noord Brabant;Alphen-Chaam;Snijders-Chaam;;;12;
3;NLD;Noord Brabant;Alphen-Chaam;Strijbeek;;;12;
3;NLD;Noord Brabant;Alphen-Chaam;Terover;;;12;
3;NLD;Noord Brabant;Alphen-Chaam;Venweg;;;12;
2;NLD;Noord Brabant;Asten;;;;10;
3;NLD;Noord Brabant;Asten;Asten;;;12;
3;NLD;Noord Brabant;Asten;Heusden;;;12;
3;NLD;Noord Brabant;Asten;Ommel;;;12;
2;NLD;Noord Brabant;Baarle-Nassau;;;;10;
3;NLD;Noord Brabant;Baarle-Nassau;Baarle-Nassau;;;12;
3;NLD;Noord Brabant;Baarle-Nassau;Castelre;;;12;
3;NLD;Noord Brabant;Baarle-Nassau;Ulicoten;;;12;
2;NLD;Noord Brabant;Bergeijk;;;;10;
3;NLD;Noord Brabant;Bergeijk;Bergeijk;;;12;
3;NLD;Noord Brabant;Bergeijk;Bergeyk;;;12;
3;NLD;Noord Brabant;Bergeijk;Boscheind;;;12;
3;NLD;Noord Brabant;Bergeijk;Braambosch;;;12;
3;NLD;Noord Brabant;Bergeijk;Broekhoven;;;12;
3;NLD;Noord Brabant;Bergeijk;Hof;;;12;
3;NLD;Noord Brabant;Bergeijk;Loo;;;12;
3;NLD;Noord Brabant;Bergeijk;Loveren;;;12;
3;NLD;Noord Brabant;Bergeijk;Luyksgestel;;;12;
3;NLD;Noord Brabant;Bergeijk;Riethoven;;;12;
3;NLD;Noord Brabant;Bergeijk;Rijt;;;12;
3;NLD;Noord Brabant;Bergeijk;Sengelsbroek;;;12;
3;NLD;Noord Brabant;Bergeijk;Walik;;;12;
3;NLD;Noord Brabant;Bergeijk;Weebosch;;;12;
3;NLD;Noord Brabant;Bergeijk;Westerhoven;;;12;
2;NLD;Noord Brabant;Bergen op Zoom;;;;10;
3;NLD;Noord Brabant;Bergen op Zoom;Bergen op Zoom;;;12;
3;NLD;Noord Brabant;Bergen op Zoom;Borgvliet;;;12;
3;NLD;Noord Brabant;Bergen op Zoom;Halsteren;;;12;
3;NLD;Noord Brabant;Bergen op Zoom;Heimolen;;;12;
3;NLD;Noord Brabant;Bergen op Zoom;Kladde;;;12;
3;NLD;Noord Brabant;Bergen op Zoom;Klutsdorp;;;12;
3;NLD;Noord Brabant;Bergen op Zoom;Lepelstraat;;;12;
3;NLD;Noord Brabant;Bergen op Zoom;Vrederust;;;12;
2;NLD;Noord Brabant;Bernheze;;;;10;
3;NLD;Noord Brabant;Bernheze;Dinther;;;12;
3;NLD;Noord Brabant;Bernheze;Heesch;;;12;
3;NLD;Noord Brabant;Bernheze;Heeswijk;;;12;
3;NLD;Noord Brabant;Bernheze;Loosbroek;;;12;
3;NLD;Noord Brabant;Bernheze;Nistelrode;;;12;
3;NLD;Noord Brabant;Bernheze;Vinkel;;;12;
3;NLD;Noord Brabant;Bernheze;Vorstenbosch;;;12;
3;NLD;Noord Brabant;Bernheze;Zevenbergen;;;12;
2;NLD;Noord Brabant;Best;;;;10;
3;NLD;Noord Brabant;Best;Aarle;;;12;
3;NLD;Noord Brabant;Best;Best;;;12;
3;NLD;Noord Brabant;Best;Vleut;;;12;
2;NLD;Noord Brabant;Bladel;;;;10;
3;NLD;Noord Brabant;Bladel;Bladel;;;12;
3;NLD;Noord Brabant;Bladel;Casteren;;;12;
3;NLD;Noord Brabant;Bladel;Hapert;;;12;
3;NLD;Noord Brabant;Bladel;Hoogeloon;;;12;
3;NLD;Noord Brabant;Bladel;Netersel;;;12;
2;NLD;Noord Brabant;Boekel;;;;10;
3;NLD;Noord Brabant;Boekel;Boekel;;;12;
3;NLD;Noord Brabant;Boekel;Venhorst;;;12;
2;NLD;Noord Brabant;Boxmeer;;;;10;
3;NLD;Noord Brabant;Boxmeer;Beugen;;;12;
3;NLD;Noord Brabant;Boxmeer;Boxmeer;;;12;
3;NLD;Noord Brabant;Boxmeer;Groeningen;;;12;
3;NLD;Noord Brabant;Boxmeer;Hank;;;12;
3;NLD;Noord Brabant;Boxmeer;Holthees;;;12;
3;NLD;Noord Brabant;Boxmeer;Maashees;;;12;
3;NLD;Noord Brabant;Boxmeer;Oeffelt;;;12;
3;NLD;Noord Brabant;Boxmeer;Overloon;;;12;
3;NLD;Noord Brabant;Boxmeer;Rijkevoort;;;12;
3;NLD;Noord Brabant;Boxmeer;Sambeek;;;12;
3;NLD;Noord Brabant;Boxmeer;Vierlingsbeek;;;12;
3;NLD;Noord Brabant;Boxmeer;Vortum-Mullem;;;12;
2;NLD;Noord Brabant;Boxtel;;;;10;
3;NLD;Noord Brabant;Boxtel;Boxtel;;;12;
3;NLD;Noord Brabant;Boxtel;Breukelen;;;12;
3;NLD;Noord Brabant;Boxtel;Gemonde;;;12;
3;NLD;Noord Brabant;Boxtel;Lennisheuvel;;;12;
3;NLD;Noord Brabant;Boxtel;Liempde;;;12;
2;NLD;Noord Brabant;Breda;;;;10;
3;NLD;Noord Brabant;Breda;Bavel;;;12;
3;NLD;Noord Brabant;Breda;Bolberg;;;12;
3;NLD;Noord Brabant;Breda;Breda;;;12;
3;NLD;Noord Brabant;Breda;De Rith;;;12;
3;NLD;Noord Brabant;Breda;Diunt;;;12;
3;NLD;Noord Brabant;Breda;Effen;;;12;
3;NLD;Noord Brabant;Breda;Eikberg;;;12;
3;NLD;Noord Brabant;Breda;Ginneken;;;12;
3;NLD;Noord Brabant;Breda;Haagse Beemden;;;12;
3;NLD;Noord Brabant;Breda;Hoeveneind;;;12;
3;NLD;Noord Brabant;Breda;IJpelaar;;;12;
3;NLD;Noord Brabant;Breda;IJpelaarseind;;;12;
3;NLD;Noord Brabant;Breda;Kerkeind;;;12;
3;NLD;Noord Brabant;Breda;Lage Aard;;;12;
3;NLD;Noord Brabant;Breda;Lies;;;12;
3;NLD;Noord Brabant;Breda;Lijndonk;;;12;
3;NLD;Noord Brabant;Breda;Nieuw-Ginneken;;;12;
3;NLD;Noord Brabant;Breda;Pennendijk;;;12;
3;NLD;Noord Brabant;Breda;Princenhage;;;12;
3;NLD;Noord Brabant;Breda;Prinsenbeek;;;12;
3;NLD;Noord Brabant;Breda;Roosberg;;;12;
3;NLD;Noord Brabant;Breda;Strikberg;;;12;
3;NLD;Noord Brabant;Breda;Tervoort;;;12;
3;NLD;Noord Brabant;Breda;Teteringen;;;12;
3;NLD;Noord Brabant;Breda;Ulvenhout;;;12;
2;NLD;Noord Brabant;Cranendonck;;;;10;
3;NLD;Noord Brabant;Cranendonck;Berg;;;12;
3;NLD;Noord Brabant;Cranendonck;Bosch;;;12;
3;NLD;Noord Brabant;Cranendonck;Broekkant;;;12;
3;NLD;Noord Brabant;Cranendonck;Budel;;;12;
3;NLD;Noord Brabant;Cranendonck;Budel-Dorplein;;;12;
3;NLD;Noord Brabant;Cranendonck;Budel-Schoot;;;12;
3;NLD;Noord Brabant;Cranendonck;Dorplein;;;12;
3;NLD;Noord Brabant;Cranendonck;Gastel;;;12;
3;NLD;Noord Brabant;Cranendonck;Heikant;;;12;
3;NLD;Noord Brabant;Cranendonck;Keunenhoek;;;12;
3;NLD;Noord Brabant;Cranendonck;Klein-Schoot;;;12;
3;NLD;Noord Brabant;Cranendonck;Locht;;;12;
3;NLD;Noord Brabant;Cranendonck;Maarheeze;;;12;
3;NLD;Noord Brabant;Cranendonck;Meemortel;;;12;
3;NLD;Noord Brabant;Cranendonck;Midbuul;;;12;
3;NLD;Noord Brabant;Cranendonck;Schoordijk;;;12;
3;NLD;Noord Brabant;Cranendonck;Soerendonk;;;12;
3;NLD;Noord Brabant;Cranendonck;Toom;;;12;
2;NLD;Noord Brabant;Cuijk;;;;10;
3;NLD;Noord Brabant;Cuijk;Beers;;;12;
3;NLD;Noord Brabant;Cuijk;Cuijk;;;12;
3;NLD;Noord Brabant;Cuijk;Gassel;;;12;
3;NLD;Noord Brabant;Cuijk;Haps;;;12;
3;NLD;Noord Brabant;Cuijk;Katwijk;;;12;
3;NLD;Noord Brabant;Cuijk;Linden;;;12;
3;NLD;Noord Brabant;Cuijk;Sint Agatha;;;12;
3;NLD;Noord Brabant;Cuijk;St Agatha;;;12;
3;NLD;Noord Brabant;Cuijk;Vianen;;;12;
2;NLD;Noord Brabant;Deurne;;;;10;
3;NLD;Noord Brabant;Deurne;Deurne;;;12;
3;NLD;Noord Brabant;Deurne;Helenaveen;;;12;
3;NLD;Noord Brabant;Deurne;Liessel;;;12;
3;NLD;Noord Brabant;Deurne;Neerkant;;;12;
3;NLD;Noord Brabant;Deurne;Schans;;;12;
3;NLD;Noord Brabant;Deurne;Vlierden;;;12;
3;NLD;Noord Brabant;Deurne;Zeilberg;;;12;
2;NLD;Noord Brabant;Dongen;;;;10;
3;NLD;Noord Brabant;Dongen;'s Gravenmoer;;;12;
3;NLD;Noord Brabant;Dongen;Dongen;;;12;
3;NLD;Noord Brabant;Dongen;Klein-Dongen;;;12;
3;NLD;Noord Brabant;Dongen;Vaart;;;12;
2;NLD;Noord Brabant;Drimmelen;;;;10;
3;NLD;Noord Brabant;Drimmelen;Binnen-Moerdijk;;;12;
3;NLD;Noord Brabant;Drimmelen;Blauwe Sluis;;;12;
3;NLD;Noord Brabant;Drimmelen;Drimmelen;;;12;
3;NLD;Noord Brabant;Drimmelen;Gaete;;;12;
3;NLD;Noord Brabant;Drimmelen;Helkant;;;12;
3;NLD;Noord Brabant;Drimmelen;Hooge en Lage Zwaluwe;;;12;
3;NLD;Noord Brabant;Drimmelen;Hooge Zwaluwe;;;12;
3;NLD;Noord Brabant;Drimmelen;Lage Zwaluwe;;;12;
3;NLD;Noord Brabant;Drimmelen;Made;;;12;
3;NLD;Noord Brabant;Drimmelen;Made en Drimmelen;;;12;
3;NLD;Noord Brabant;Drimmelen;Oud-Drimmelen;;;12;
3;NLD;Noord Brabant;Drimmelen;Stuivezand;;;12;
3;NLD;Noord Brabant;Drimmelen;Terheijden;;;12;
3;NLD;Noord Brabant;Drimmelen;Wagenberg;;;12;
2;NLD;Noord Brabant;Eersel;;;;10;
3;NLD;Noord Brabant;Eersel;Bijsterveld;;;12;
3;NLD;Noord Brabant;Eersel;Braak;;;12;
3;NLD;Noord Brabant;Eersel;Donk;;;12;
3;NLD;Noord Brabant;Eersel;Driehuis;;;12;
3;NLD;Noord Brabant;Eersel;Driehuizen;;;12;
3;NLD;Noord Brabant;Eersel;Duizel;;;12;
3;NLD;Noord Brabant;Eersel;Eersel;;;12;
3;NLD;Noord Brabant;Eersel;Het Heike;;;12;
3;NLD;Noord Brabant;Eersel;Hoekdries;;;12;
3;NLD;Noord Brabant;Eersel;Knegsel;;;12;
3;NLD;Noord Brabant;Eersel;Kreielt;;;12;
3;NLD;Noord Brabant;Eersel;Maaskant;;;12;
3;NLD;Noord Brabant;Eersel;Meerven;;;12;
3;NLD;Noord Brabant;Eersel;Mostheuvel;;;12;
3;NLD;Noord Brabant;Eersel;Rietven;;;12;
3;NLD;Noord Brabant;Eersel;Sneidershoek;;;12;
3;NLD;Noord Brabant;Eersel;Steensel;;;12;
3;NLD;Noord Brabant;Eersel;Veneind;;;12;
3;NLD;Noord Brabant;Eersel;Vessem;;;12;
3;NLD;Noord Brabant;Eersel;Vessem Wintelre en Knegsel;;;12;
3;NLD;Noord Brabant;Eersel;Wintelre;;;12;
3;NLD;Noord Brabant;Eersel;Wolfshoek;;;12;
2;NLD;Noord Brabant;Eindhoven;;;;10;
3;NLD;Noord Brabant;Eindhoven;Acht;;;12;
3;NLD;Noord Brabant;Eindhoven;Eindhoven;;;12;
2;NLD;Noord Brabant;Etten-Leur;;;;10;
3;NLD;Noord Brabant;Etten-Leur;Etten-Leur;;;12;
2;NLD;Noord Brabant;Geertruidenberg;;;;10;
3;NLD;Noord Brabant;Geertruidenberg;Geertruidenberg;;;12;
3;NLD;Noord Brabant;Geertruidenberg;Keizersveer;;;12;
3;NLD;Noord Brabant;Geertruidenberg;Raamsdonk;;;12;
3;NLD;Noord Brabant;Geertruidenberg;Raamsdonksveer;;;12;
2;NLD;Noord Brabant;Geldrop-Mierlo;;;;10;
3;NLD;Noord Brabant;Geldrop-Mierlo;Geldrop;E5.55850186165746;N51.4205703173478;12;
3;NLD;Noord Brabant;Geldrop-Mierlo;Mierlo;;;12;
2;NLD;Noord Brabant;Gemert-Bakel;;;;10;
3;NLD;Noord Brabant;Gemert-Bakel;Bakel;;;12;
3;NLD;Noord Brabant;Gemert-Bakel;Bakel en Milheeze;;;12;
3;NLD;Noord Brabant;Gemert-Bakel;Bakelsebrug;;;12;
3;NLD;Noord Brabant;Gemert-Bakel;Bankert;;;12;
3;NLD;Noord Brabant;Gemert-Bakel;Benthem;;;12;
3;NLD;Noord Brabant;Gemert-Bakel;De Mortel;;;12;
3;NLD;Noord Brabant;Gemert-Bakel;De Rips;;;12;
3;NLD;Noord Brabant;Gemert-Bakel;De Vossenberg;;;12;
3;NLD;Noord Brabant;Gemert-Bakel;De Wind;;;12;
3;NLD;Noord Brabant;Gemert-Bakel;Deelse Kampen;;;12;
3;NLD;Noord Brabant;Gemert-Bakel;Doonheide;;;12;
3;NLD;Noord Brabant;Gemert-Bakel;Elsendorp;;;12;
3;NLD;Noord Brabant;Gemert-Bakel;Esdonk;;;12;
3;NLD;Noord Brabant;Gemert-Bakel;Esp;;;12;
3;NLD;Noord Brabant;Gemert-Bakel;Gemert;;;12;
3;NLD;Noord Brabant;Gemert-Bakel;Geneneind;;;12;
3;NLD;Noord Brabant;Gemert-Bakel;Groeskuilen;;;12;
3;NLD;Noord Brabant;Gemert-Bakel;Grotel;;;12;
3;NLD;Noord Brabant;Gemert-Bakel;Handel;;;12;
3;NLD;Noord Brabant;Gemert-Bakel;Hilakker;;;12;
3;NLD;Noord Brabant;Gemert-Bakel;Hoeven;;;12;
3;NLD;Noord Brabant;Gemert-Bakel;Hoogen-Aarle;;;12;
3;NLD;Noord Brabant;Gemert-Bakel;Kaweide;;;12;
3;NLD;Noord Brabant;Gemert-Bakel;Kivitsbraak;;;12;
3;NLD;Noord Brabant;Gemert-Bakel;Klef;;;12;
3;NLD;Noord Brabant;Gemert-Bakel;Koks;;;12;
3;NLD;Noord Brabant;Gemert-Bakel;Mathijseind;;;12;
3;NLD;Noord Brabant;Gemert-Bakel;Milheeze;;;12;
3;NLD;Noord Brabant;Gemert-Bakel;Milschot;;;12;
3;NLD;Noord Brabant;Gemert-Bakel;Molenhof;;;12;
3;NLD;Noord Brabant;Gemert-Bakel;Mortel;;;12;
3;NLD;Noord Brabant;Gemert-Bakel;Muizenhol;;;12;
3;NLD;Noord Brabant;Gemert-Bakel;Neerstraat;;;12;
3;NLD;Noord Brabant;Gemert-Bakel;Nuijeneind;;;12;
3;NLD;Noord Brabant;Gemert-Bakel;Overschot;;;12;
3;NLD;Noord Brabant;Gemert-Bakel;Pandelaarse Kampen;;;12;
3;NLD;Noord Brabant;Gemert-Bakel;Ravensgat;;;12;
3;NLD;Noord Brabant;Gemert-Bakel;Ren;;;12;
3;NLD;Noord Brabant;Gemert-Bakel;Rips;;;12;
3;NLD;Noord Brabant;Gemert-Bakel;Rootvlaas;;;12;
3;NLD;Noord Brabant;Gemert-Bakel;Schouw;;;12;
3;NLD;Noord Brabant;Gemert-Bakel;Schutsboom;;;12;
3;NLD;Noord Brabant;Gemert-Bakel;Speurgt;;;12;
3;NLD;Noord Brabant;Gemert-Bakel;Tereyken;;;12;
3;NLD;Noord Brabant;Gemert-Bakel;Ven;;;12;
3;NLD;Noord Brabant;Gemert-Bakel;Verreheide;;;12;
3;NLD;Noord Brabant;Gemert-Bakel;Wolfsbosch;;;12;
3;NLD;Noord Brabant;Gemert-Bakel;Zaarvlaas;;;12;
3;NLD;Noord Brabant;Gemert-Bakel;Zand;;;12;
2;NLD;Noord Brabant;Gilze en Rijen;;;;10;
3;NLD;Noord Brabant;Gilze en Rijen;Gilze;;;12;
3;NLD;Noord Brabant;Gilze en Rijen;Hulten;;;12;
3;NLD;Noord Brabant;Gilze en Rijen;Molenschot;;;12;
3;NLD;Noord Brabant;Gilze en Rijen;Rijen;;;12;
2;NLD;Noord Brabant;Goirle;;;;10;
3;NLD;Noord Brabant;Goirle;Alphen en Riel;;;12;
3;NLD;Noord Brabant;Goirle;Breehees;;;12;
3;NLD;Noord Brabant;Goirle;Goirle;;;12;
3;NLD;Noord Brabant;Goirle;Riel;;;12;
2;NLD;Noord Brabant;Grave;;;;10;
3;NLD;Noord Brabant;Grave;Escharen;;;12;
3;NLD;Noord Brabant;Grave;Gassel;;;12;
3;NLD;Noord Brabant;Grave;Grave;;;12;
3;NLD;Noord Brabant;Grave;Velp;;;12;
2;NLD;Noord Brabant;Haaren;;;;10;
3;NLD;Noord Brabant;Haaren;'t Eind;;;12;
3;NLD;Noord Brabant;Haaren;Belvert;;;12;
3;NLD;Noord Brabant;Haaren;Biezenmortel;;;12;
3;NLD;Noord Brabant;Haaren;Distelberg;;;12;
3;NLD;Noord Brabant;Haaren;Esch;;;12;
3;NLD;Noord Brabant;Haaren;Gever;;;12;
3;NLD;Noord Brabant;Haaren;Gijzel;;;12;
3;NLD;Noord Brabant;Haaren;Haaren;;;12;
3;NLD;Noord Brabant;Haaren;Heesakker;;;12;
3;NLD;Noord Brabant;Haaren;Helvoirt;;;12;
3;NLD;Noord Brabant;Haaren;Kerkeind;;;12;
3;NLD;Noord Brabant;Haaren;Laar;;;12;
3;NLD;Noord Brabant;Haaren;Molenstraat;;;12;
3;NLD;Noord Brabant;Haaren;Noenes;;;12;
3;NLD;Noord Brabant;Haaren;Raam;;;12;
2;NLD;Noord Brabant;Halderberge;;;;10;
3;NLD;Noord Brabant;Halderberge;Bosschenhoofd;;;12;
3;NLD;Noord Brabant;Halderberge;Hoeven;;;12;
3;NLD;Noord Brabant;Halderberge;Oud en Nieuw Gastel;;;12;
3;NLD;Noord Brabant;Halderberge;Oud Gastel;;;12;
3;NLD;Noord Brabant;Halderberge;Oudenbosch;;;12;
3;NLD;Noord Brabant;Halderberge;Stampersgat;;;12;
2;NLD;Noord Brabant;Heeze-Leende;;;;10;
3;NLD;Noord Brabant;Heeze-Leende;Boschhoven;;;12;
3;NLD;Noord Brabant;Heeze-Leende;Bruggerhuizen;;;12;
3;NLD;Noord Brabant;Heeze-Leende;Heeze;;;12;
3;NLD;Noord Brabant;Heeze-Leende;Leende;;;12;
3;NLD;Noord Brabant;Heeze-Leende;Leenderstrijp;;;12;
3;NLD;Noord Brabant;Heeze-Leende;Oosterik;;;12;
3;NLD;Noord Brabant;Heeze-Leende;Sterksel;;;12;
3;NLD;Noord Brabant;Heeze-Leende;Valkenhorst;;;12;
3;NLD;Noord Brabant;Heeze-Leende;Zevenhuizen;;;12;
2;NLD;Noord Brabant;Helmond;;;;10;
3;NLD;Noord Brabant;Helmond;Brouwhuis;;;12;
3;NLD;Noord Brabant;Helmond;Helmond;;;12;
3;NLD;Noord Brabant;Helmond;Mierlo-Hout;;;12;
3;NLD;Noord Brabant;Helmond;Stiphout;;;12;
2;NLD;Noord Brabant;Heusden;;;;10;
3;NLD;Noord Brabant;Heusden;De Hoeven;;;12;
3;NLD;Noord Brabant;Heusden;Doeveren;;;12;
3;NLD;Noord Brabant;Heusden;Drunen;;;12;
3;NLD;Noord Brabant;Heusden;Elshout;;;12;
3;NLD;Noord Brabant;Heusden;Giersbergen;;;12;
3;NLD;Noord Brabant;Heusden;Haarsteeg;;;12;
3;NLD;Noord Brabant;Heusden;Hedikhuizen;;;12;
3;NLD;Noord Brabant;Heusden;Heesbeen;;;12;
3;NLD;Noord Brabant;Heusden;Herpt;;;12;
3;NLD;Noord Brabant;Heusden;Heusden;;;12;
3;NLD;Noord Brabant;Heusden;Heusden-Vesting;;;12;
3;NLD;Noord Brabant;Heusden;Luttelherpt;;;12;
3;NLD;Noord Brabant;Heusden;Nieuwkuijk;;;12;
3;NLD;Noord Brabant;Heusden;Oud-Heusden;;;12;
3;NLD;Noord Brabant;Heusden;Oudheusden;;;12;
3;NLD;Noord Brabant;Heusden;Vlijmen;;;12;
2;NLD;Noord Brabant;Hilvarenbeek;;;;10;
3;NLD;Noord Brabant;Hilvarenbeek;Baarschot;;;12;
3;NLD;Noord Brabant;Hilvarenbeek;Beerten;;;12;
3;NLD;Noord Brabant;Hilvarenbeek;Biest;;;12;
3;NLD;Noord Brabant;Hilvarenbeek;Diessen;;;12;
3;NLD;Noord Brabant;Hilvarenbeek;Driehuizen;;;12;
3;NLD;Noord Brabant;Hilvarenbeek;Dun;;;12;
3;NLD;Noord Brabant;Hilvarenbeek;Esbeek;;;12;
3;NLD;Noord Brabant;Hilvarenbeek;Gorp;;;12;
3;NLD;Noord Brabant;Hilvarenbeek;Groenstraat;;;12;
3;NLD;Noord Brabant;Hilvarenbeek;Groot Loo;;;12;
3;NLD;Noord Brabant;Hilvarenbeek;Grote Voort;;;12;
3;NLD;Noord Brabant;Hilvarenbeek;Haghorst;;;12;
3;NLD;Noord Brabant;Hilvarenbeek;Hilvarenbeek;;;12;
3;NLD;Noord Brabant;Hilvarenbeek;Hoog Spul;;;12;
3;NLD;Noord Brabant;Hilvarenbeek;Hoogeind;;;12;
3;NLD;Noord Brabant;Hilvarenbeek;Houtakker;;;12;
3;NLD;Noord Brabant;Hilvarenbeek;Klein Loo;;;12;
3;NLD;Noord Brabant;Hilvarenbeek;Kleine Voort;;;12;
3;NLD;Noord Brabant;Hilvarenbeek;Laag Spul;;;12;
3;NLD;Noord Brabant;Hilvarenbeek;Rovert;;;12;
3;NLD;Noord Brabant;Hilvarenbeek;Slibbroek;;;12;
3;NLD;Noord Brabant;Hilvarenbeek;Westerwijk;;;12;
2;NLD;Noord Brabant;Laarbeek;;;;10;
3;NLD;Noord Brabant;Laarbeek;'t Hof;;;12;
3;NLD;Noord Brabant;Laarbeek;Aarle-Rixtel;;;12;
3;NLD;Noord Brabant;Laarbeek;Achterbosch;;;12;
3;NLD;Noord Brabant;Laarbeek;Beek;;;12;
3;NLD;Noord Brabant;Laarbeek;Beek en Donk;;;12;
3;NLD;Noord Brabant;Laarbeek;Beemdkant;;;12;
3;NLD;Noord Brabant;Laarbeek;Broek;;;12;
3;NLD;Noord Brabant;Laarbeek;Croy;;;12;
3;NLD;Noord Brabant;Laarbeek;De Hei;;;12;
3;NLD;Noord Brabant;Laarbeek;Deense Hoek;;;12;
3;NLD;Noord Brabant;Laarbeek;Donk;;;12;
3;NLD;Noord Brabant;Laarbeek;Geeneind;;;12;
3;NLD;Noord Brabant;Laarbeek;Ginderdoor;;;12;
3;NLD;Noord Brabant;Laarbeek;Groenewoud;;;12;
3;NLD;Noord Brabant;Laarbeek;Heikant;;;12;
3;NLD;Noord Brabant;Laarbeek;Het Hool;;;12;
3;NLD;Noord Brabant;Laarbeek;Het Laar;;;12;
3;NLD;Noord Brabant;Laarbeek;Kruisschot;;;12;
3;NLD;Noord Brabant;Laarbeek;Lieshout;;;12;
3;NLD;Noord Brabant;Laarbeek;Mariahout;;;12;
3;NLD;Noord Brabant;Laarbeek;Scheepstal;;;12;
3;NLD;Noord Brabant;Laarbeek;Strijp;;;12;
3;NLD;Noord Brabant;Laarbeek;Wolfsputten;;;12;
2;NLD;Noord Brabant;Landerd;;;;10;
3;NLD;Noord Brabant;Landerd;Reek;;;12;
3;NLD;Noord Brabant;Landerd;Schaijk;;;12;
3;NLD;Noord Brabant;Landerd;Zeeland;;;12;
2;NLD;Noord Brabant;Lith;;;;10;
3;NLD;Noord Brabant;Lith;Het Wild;;;12;
3;NLD;Noord Brabant;Lith;Kessel;;;12;
3;NLD;Noord Brabant;Lith;Lith;;;12;
3;NLD;Noord Brabant;Lith;Lithoijen;;;12;
3;NLD;Noord Brabant;Lith;Maren-Kessel;;;12;
3;NLD;Noord Brabant;Lith;Oijen;;;12;
3;NLD;Noord Brabant;Lith;Teeffelen;;;12;
2;NLD;Noord Brabant;Loon op Zand;;;;10;
3;NLD;Noord Brabant;Loon op Zand;De Moer;;;12;
3;NLD;Noord Brabant;Loon op Zand;Kaatsheuvel;;;12;
3;NLD;Noord Brabant;Loon op Zand;Loon op Zand;;;12;
2;NLD;Noord Brabant;Maasdonk;;;;10;
3;NLD;Noord Brabant;Maasdonk;Geffen;;;12;
3;NLD;Noord Brabant;Maasdonk;Heeseind;;;12;
3;NLD;Noord Brabant;Maasdonk;Heiduinen;;;12;
3;NLD;Noord Brabant;Maasdonk;Kaathoven;;;12;
3;NLD;Noord Brabant;Maasdonk;Munnekens-Vinkel;;;12;
3;NLD;Noord Brabant;Maasdonk;Nuland;;;12;
3;NLD;Noord Brabant;Maasdonk;Papendijk;;;12;
3;NLD;Noord Brabant;Maasdonk;Runrot;;;12;
3;NLD;Noord Brabant;Maasdonk;Vinkel;;;12;
2;NLD;Noord Brabant;Mill en Sint Hubert;;;;10;
3;NLD;Noord Brabant;Mill en Sint Hubert;Langenboom;;;12;
3;NLD;Noord Brabant;Mill en Sint Hubert;Mill;;;12;
3;NLD;Noord Brabant;Mill en Sint Hubert;Sint Hubert;;;12;
3;NLD;Noord Brabant;Mill en Sint Hubert;St Hubert;;;12;
3;NLD;Noord Brabant;Mill en Sint Hubert;Wilbertoord;;;12;
2;NLD;Noord Brabant;Moerdijk;;;;10;
3;NLD;Noord Brabant;Moerdijk;Achterdijk;;;12;
3;NLD;Noord Brabant;Moerdijk;Binnen-Moerdijk;;;12;
3;NLD;Noord Brabant;Moerdijk;Blauwe Sluis;;;12;
3;NLD;Noord Brabant;Moerdijk;Bosselaar;;;12;
3;NLD;Noord Brabant;Moerdijk;Drie Hoefijzers;;;12;
3;NLD;Noord Brabant;Moerdijk;Fijnaart;;;12;
3;NLD;Noord Brabant;Moerdijk;Fijnaart en Heijningen;;;12;
3;NLD;Noord Brabant;Moerdijk;Heijningen;;;12;
3;NLD;Noord Brabant;Moerdijk;Helwijk;;;12;
3;NLD;Noord Brabant;Moerdijk;Hoekske;;;12;
3;NLD;Noord Brabant;Moerdijk;Klundert;;;12;
3;NLD;Noord Brabant;Moerdijk;Kreek;;;12;
3;NLD;Noord Brabant;Moerdijk;Krooswijk;;;12;
3;NLD;Noord Brabant;Moerdijk;Langeweg;;;12;
3;NLD;Noord Brabant;Moerdijk;Moerdijk;;;12;
3;NLD;Noord Brabant;Moerdijk;Molengors;;;12;
3;NLD;Noord Brabant;Moerdijk;Nieuwemolen;;;12;
3;NLD;Noord Brabant;Moerdijk;Noordhoek;;;12;
3;NLD;Noord Brabant;Moerdijk;Noordschans;;;12;
3;NLD;Noord Brabant;Moerdijk;Oudemolen;;;12;
3;NLD;Noord Brabant;Moerdijk;Standdaarbuiten;;;12;
3;NLD;Noord Brabant;Moerdijk;Strooiendorp;;;12;
3;NLD;Noord Brabant;Moerdijk;Tonnekreek;;;12;
3;NLD;Noord Brabant;Moerdijk;Torenveld;;;12;
3;NLD;Noord Brabant;Moerdijk;Willemstad;;;12;
3;NLD;Noord Brabant;Moerdijk;Zevenbergen;;;12;
3;NLD;Noord Brabant;Moerdijk;Zevenbergschen Hoek;;;12;
3;NLD;Noord Brabant;Moerdijk;Zwingelspaan;;;12;
2;NLD;Noord Brabant;Nuenen Gerwen en Nederwetten;;;;10;
3;NLD;Noord Brabant;Nuenen Gerwen en Nederwetten;Eeneind;;;12;
3;NLD;Noord Brabant;Nuenen Gerwen en Nederwetten;Gerwen;;;12;
3;NLD;Noord Brabant;Nuenen Gerwen en Nederwetten;Nederwetten;;;12;
3;NLD;Noord Brabant;Nuenen Gerwen en Nederwetten;Nuenen;;;12;
2;NLD;Noord Brabant;Oirschot;;;;10;
3;NLD;Noord Brabant;Oirschot;Middelbeers;;;12;
3;NLD;Noord Brabant;Oirschot;Oirschot;;;12;
3;NLD;Noord Brabant;Oirschot;Oost- West- en Middelbeers;;;12;
3;NLD;Noord Brabant;Oirschot;Oostelbeers;;;12;
3;NLD;Noord Brabant;Oirschot;Spoordonk;;;12;
3;NLD;Noord Brabant;Oirschot;Westelbeers;;;12;
2;NLD;Noord Brabant;Oisterwijk;;;;10;
3;NLD;Noord Brabant;Oisterwijk;Heukelom;;;12;
3;NLD;Noord Brabant;Oisterwijk;Moergestel;;;12;
3;NLD;Noord Brabant;Oisterwijk;Oisterwijk;;;12;
2;NLD;Noord Brabant;Oosterhout;;;;10;
3;NLD;Noord Brabant;Oosterhout;Baarschot;;;12;
3;NLD;Noord Brabant;Oosterhout;Den Hout;;;12;
3;NLD;Noord Brabant;Oosterhout;Dorst;;;12;
3;NLD;Noord Brabant;Oosterhout;Eind van den Hout;;;12;
3;NLD;Noord Brabant;Oosterhout;Groenendijk;;;12;
3;NLD;Noord Brabant;Oosterhout;Heikant;;;12;
3;NLD;Noord Brabant;Oosterhout;Heistraat;;;12;
3;NLD;Noord Brabant;Oosterhout;Hespelaar;;;12;
3;NLD;Noord Brabant;Oosterhout;Oosteind;;;12;
3;NLD;Noord Brabant;Oosterhout;Oosterhout;;;12;
3;NLD;Noord Brabant;Oosterhout;Seters;;;12;
3;NLD;Noord Brabant;Oosterhout;Steelhoven;;;12;
3;NLD;Noord Brabant;Oosterhout;Steenoven;;;12;
3;NLD;Noord Brabant;Oosterhout;Ter Aalst;;;12;
3;NLD;Noord Brabant;Oosterhout;Vijfhuizen;;;12;
3;NLD;Noord Brabant;Oosterhout;Vrachelen;;;12;
2;NLD;Noord Brabant;Oss;;;;10;
3;NLD;Noord Brabant;Oss;Berghem;;;12;
3;NLD;Noord Brabant;Oss;Demen;;;12;
3;NLD;Noord Brabant;Oss;Dennenburg;;;12;
3;NLD;Noord Brabant;Oss;Deursen;;;12;
3;NLD;Noord Brabant;Oss;Dieden;;;12;
3;NLD;Noord Brabant;Oss;Haren;;;12;
3;NLD;Noord Brabant;Oss;Herpen;;;12;
3;NLD;Noord Brabant;Oss;Huisseling;;;12;
3;NLD;Noord Brabant;Oss;Keent;;;12;
3;NLD;Noord Brabant;Oss;Macharen;;;12;
3;NLD;Noord Brabant;Oss;Megen;;;12;
3;NLD;Noord Brabant;Oss;Neerlangel;;;12;
3;NLD;Noord Brabant;Oss;Neerloon;;;12;
3;NLD;Noord Brabant;Oss;Oss;;;12;
3;NLD;Noord Brabant;Oss;Overlangel;;;12;
3;NLD;Noord Brabant;Oss;Ravenstein;;;12;
2;NLD;Noord Brabant;Reusel-De Mierden;;;;10;
3;NLD;Noord Brabant;Reusel-De Mierden;Hooge en Lage Mierde;;;12;
3;NLD;Noord Brabant;Reusel-De Mierden;Hooge Mierde;;;12;
3;NLD;Noord Brabant;Reusel-De Mierden;Hulsel;;;12;
3;NLD;Noord Brabant;Reusel-De Mierden;Lage Mierde;;;12;
3;NLD;Noord Brabant;Reusel-De Mierden;Reusel;;;12;
2;NLD;Noord Brabant;Roosendaal;;;;10;
3;NLD;Noord Brabant;Roosendaal;Boeiink;;;12;
3;NLD;Noord Brabant;Roosendaal;Borteldonk;;;12;
3;NLD;Noord Brabant;Roosendaal;Brembosch;;;12;
3;NLD;Noord Brabant;Roosendaal;Bulkenaar;;;12;
3;NLD;Noord Brabant;Roosendaal;De Lind;;;12;
3;NLD;Noord Brabant;Roosendaal;Everland;;;12;
3;NLD;Noord Brabant;Roosendaal;Haiink;;;12;
3;NLD;Noord Brabant;Roosendaal;Heerle;;;12;
3;NLD;Noord Brabant;Roosendaal;Hollandsdiep;;;12;
3;NLD;Noord Brabant;Roosendaal;Hulsdonk;;;12;
3;NLD;Noord Brabant;Roosendaal;Kruisstraat;;;12;
3;NLD;Noord Brabant;Roosendaal;Moerstraten;;;12;
3;NLD;Noord Brabant;Roosendaal;Nieuwenberg;;;12;
3;NLD;Noord Brabant;Roosendaal;Nispen;;;12;
3;NLD;Noord Brabant;Roosendaal;Roosendaal;;;12;
3;NLD;Noord Brabant;Roosendaal;Roosendaal en Nispen;;;12;
3;NLD;Noord Brabant;Roosendaal;Vinkenbroek;;;12;
3;NLD;Noord Brabant;Roosendaal;Visdonk;;;12;
3;NLD;Noord Brabant;Roosendaal;Vroenhout;;;12;
3;NLD;Noord Brabant;Roosendaal;Wouw;;;12;
3;NLD;Noord Brabant;Roosendaal;Wouwse Plantage;;;12;
2;NLD;Noord Brabant;Rucphen;;;;10;
3;NLD;Noord Brabant;Rucphen;Rucphen;;;12;
3;NLD;Noord Brabant;Rucphen;Schijf;;;12;
3;NLD;Noord Brabant;Rucphen;Sprundel;;;12;
3;NLD;Noord Brabant;Rucphen;St. Willebrord;;;12;
3;NLD;Noord Brabant;Rucphen;Zegge;;;12;
2;NLD;Noord Brabant;Schijndel;;;;10;
3;NLD;Noord Brabant;Schijndel;Gemonde;;;12;
3;NLD;Noord Brabant;Schijndel;Schijndel;;;12;
3;NLD;Noord Brabant;Schijndel;Wijbosch;;;12;
2;NLD;Noord Brabant;Sint Anthonis;;;;10;
3;NLD;Noord Brabant;Sint Anthonis;Landhorst;;;12;
3;NLD;Noord Brabant;Sint Anthonis;Ledeacker;;;12;
3;NLD;Noord Brabant;Sint Anthonis;Oploo;;;12;
3;NLD;Noord Brabant;Sint Anthonis;Rijkevoort;;;12;
3;NLD;Noord Brabant;Sint Anthonis;Sint Anthonis;;;12;
3;NLD;Noord Brabant;Sint Anthonis;St Anthonis;;;12;
3;NLD;Noord Brabant;Sint Anthonis;Stevensbeek;;;12;
3;NLD;Noord Brabant;Sint Anthonis;Wanroij;;;12;
3;NLD;Noord Brabant;Sint Anthonis;Westerbeek;;;12;
2;NLD;Noord Brabant;Sint-Michielsgestel;;;;10;
3;NLD;Noord Brabant;Sint-Michielsgestel;Berlicum;;;12;
3;NLD;Noord Brabant;Sint-Michielsgestel;Den Dungen;;;12;
3;NLD;Noord Brabant;Sint-Michielsgestel;Gemonde;;;12;
3;NLD;Noord Brabant;Sint-Michielsgestel;Halder;;;12;
3;NLD;Noord Brabant;Sint-Michielsgestel;Maaskantje;;;12;
3;NLD;Noord Brabant;Sint-Michielsgestel;Middelrode;;;12;
3;NLD;Noord Brabant;Sint-Michielsgestel;St Michielsgestel;;;12;
2;NLD;Noord Brabant;Sint-Oedenrode;;;;10;
3;NLD;Noord Brabant;Sint-Oedenrode;Boskant;;;12;
3;NLD;Noord Brabant;Sint-Oedenrode;Gemonde;;;12;
3;NLD;Noord Brabant;Sint-Oedenrode;Nijnsel;;;12;
3;NLD;Noord Brabant;Sint-Oedenrode;Olland;;;12;
3;NLD;Noord Brabant;Sint-Oedenrode;St Oedenrode;;;12;
2;NLD;Noord Brabant;Someren;;;;10;
3;NLD;Noord Brabant;Someren;Achterbroek;;;12;
3;NLD;Noord Brabant;Someren;Berkeindje;;;12;
3;NLD;Noord Brabant;Someren;Boomen;;;12;
3;NLD;Noord Brabant;Someren;Broekkant;;;12;
3;NLD;Noord Brabant;Someren;De Hutten;;;12;
3;NLD;Noord Brabant;Someren;Eindje;;;12;
3;NLD;Noord Brabant;Someren;Gebergte;;;12;
3;NLD;Noord Brabant;Someren;Groote Hoeven;;;12;
3;NLD;Noord Brabant;Someren;Heieind;;;12;
3;NLD;Noord Brabant;Someren;Heikant;;;12;
3;NLD;Noord Brabant;Someren;Hersel;;;12;
3;NLD;Noord Brabant;Someren;Kleine Hoeven;;;12;
3;NLD;Noord Brabant;Someren;Lierop;;;12;
3;NLD;Noord Brabant;Someren;Moorsel;;;12;
3;NLD;Noord Brabant;Someren;Oeijenbraak;;;12;
3;NLD;Noord Brabant;Someren;Otterdijk;;;12;
3;NLD;Noord Brabant;Someren;Sluis 13;;;12;
3;NLD;Noord Brabant;Someren;Someren;;;12;
3;NLD;Noord Brabant;Someren;Someren-Eind;;;12;
3;NLD;Noord Brabant;Someren;Someren-Heide;;;12;
3;NLD;Noord Brabant;Someren;Stipdonk;;;12;
3;NLD;Noord Brabant;Someren;Vaarsche Hoef;;;12;
3;NLD;Noord Brabant;Someren;Vlas;;;12;
3;NLD;Noord Brabant;Someren;Winkelstraat;;;12;
2;NLD;Noord Brabant;Son en Breugel;;;;10;
3;NLD;Noord Brabant;Son en Breugel;Breugel;;;12;
3;NLD;Noord Brabant;Son en Breugel;Son;;;12;
2;NLD;Noord Brabant;Steenbergen;;;;10;
3;NLD;Noord Brabant;Steenbergen;Blauwe Sluis;;;12;
3;NLD;Noord Brabant;Steenbergen;De Heen;;;12;
3;NLD;Noord Brabant;Steenbergen;Dinteloord;;;12;
3;NLD;Noord Brabant;Steenbergen;Dinteloord en Prinsenland;;;12;
3;NLD;Noord Brabant;Steenbergen;Heensche Molen;;;12;
3;NLD;Noord Brabant;Steenbergen;Kruisland;;;12;
3;NLD;Noord Brabant;Steenbergen;Nieuw-Vossemeer;;;12;
3;NLD;Noord Brabant;Steenbergen;Steenbergen;;;12;
3;NLD;Noord Brabant;Steenbergen;Welberg;;;12;
2;NLD;Noord Brabant;Tilburg;;;;10;
3;NLD;Noord Brabant;Tilburg;'t Hoekske;;;12;
3;NLD;Noord Brabant;Tilburg;Berkel-Enschot;;;12;
3;NLD;Noord Brabant;Tilburg;Brem;;;12;
3;NLD;Noord Brabant;Tilburg;De Kraan;;;12;
3;NLD;Noord Brabant;Tilburg;Enschot;;;12;
3;NLD;Noord Brabant;Tilburg;Heikant;;;12;
3;NLD;Noord Brabant;Tilburg;Heuveltje;;;12;
3;NLD;Noord Brabant;Tilburg;Hoog-Heukelom;;;12;
3;NLD;Noord Brabant;Tilburg;Hoogeind;;;12;
3;NLD;Noord Brabant;Tilburg;Laag-Heukelom;;;12;
3;NLD;Noord Brabant;Tilburg;Loonse Hoek;;;12;
3;NLD;Noord Brabant;Tilburg;Oisterwijkse Hoeven;;;12;
3;NLD;Noord Brabant;Tilburg;Tilburg;;;12;
3;NLD;Noord Brabant;Tilburg;Udenhout;;;12;
2;NLD;Noord Brabant;Uden;;;;10;
3;NLD;Noord Brabant;Uden;Bedaf;;;12;
3;NLD;Noord Brabant;Uden;Eikenheuvel;;;12;
3;NLD;Noord Brabant;Uden;Heikant;;;12;
3;NLD;Noord Brabant;Uden;Hulstheuvel;;;12;
3;NLD;Noord Brabant;Uden;Odiliapeel;;;12;
3;NLD;Noord Brabant;Uden;Oosterens;;;12;
3;NLD;Noord Brabant;Uden;Uden;;;12;
3;NLD;Noord Brabant;Uden;Volkel;;;12;
2;NLD;Noord Brabant;Valkenswaard;;;;10;
3;NLD;Noord Brabant;Valkenswaard;Borkel;;;12;
3;NLD;Noord Brabant;Valkenswaard;Borkel en Schaft;;;12;
3;NLD;Noord Brabant;Valkenswaard;Dommelen;;;12;
3;NLD;Noord Brabant;Valkenswaard;Schaft;;;12;
3;NLD;Noord Brabant;Valkenswaard;Valkenswaard;;;12;
2;NLD;Noord Brabant;Veghel;;;;10;
3;NLD;Noord Brabant;Veghel;Boerdonk;;;12;
3;NLD;Noord Brabant;Veghel;Eerde;;;12;
3;NLD;Noord Brabant;Veghel;Erp;;;12;
3;NLD;Noord Brabant;Veghel;Keldonk;;;12;
3;NLD;Noord Brabant;Veghel;Maria-heide;;;12;
3;NLD;Noord Brabant;Veghel;Mariaheide;;;12;
3;NLD;Noord Brabant;Veghel;Veghel;;;12;
3;NLD;Noord Brabant;Veghel;Zijtaart;;;12;
2;NLD;Noord Brabant;Veldhoven;;;;10;
3;NLD;Noord Brabant;Veldhoven;Meerveldhoven;;;12;
3;NLD;Noord Brabant;Veldhoven;Oerle;;;12;
3;NLD;Noord Brabant;Veldhoven;Veldhoven;;;12;
3;NLD;Noord Brabant;Veldhoven;Zeelst;;;12;
2;NLD;Noord Brabant;Vught;;;;10;
3;NLD;Noord Brabant;Vught;Cromvoirt;;;12;
3;NLD;Noord Brabant;Vught;Vught;;;12;
2;NLD;Noord Brabant;Waalre;;;;10;
3;NLD;Noord Brabant;Waalre;Aalst;;;12;
3;NLD;Noord Brabant;Waalre;Achtereind;;;12;
3;NLD;Noord Brabant;Waalre;De Heuvel;;;12;
3;NLD;Noord Brabant;Waalre;Heikant;;;12;
3;NLD;Noord Brabant;Waalre;Loon;;;12;
3;NLD;Noord Brabant;Waalre;Timmereind;;;12;
3;NLD;Noord Brabant;Waalre;Waalre;;;12;
2;NLD;Noord Brabant;Waalwijk;;;;10;
3;NLD;Noord Brabant;Waalwijk;Baardwijk;;;12;
3;NLD;Noord Brabant;Waalwijk;Besoyen;;;12;
3;NLD;Noord Brabant;Waalwijk;Capelle;;;12;
3;NLD;Noord Brabant;Waalwijk;Sprang;;;12;
3;NLD;Noord Brabant;Waalwijk;Sprang-Capelle;;;12;
3;NLD;Noord Brabant;Waalwijk;Vrijhoeve;;;12;
3;NLD;Noord Brabant;Waalwijk;Vrijhoeve-Capelle;;;12;
3;NLD;Noord Brabant;Waalwijk;Waalwijk;;;12;
3;NLD;Noord Brabant;Waalwijk;Waspik;;;12;
3;NLD;Noord Brabant;Waalwijk;Waspik-Boven;;;12;
2;NLD;Noord Brabant;Werkendam;;;;10;
3;NLD;Noord Brabant;Werkendam;Biesbosch;;;12;
3;NLD;Noord Brabant;Werkendam;De Baan;;;12;
3;NLD;Noord Brabant;Werkendam;Dussen;;;12;
3;NLD;Noord Brabant;Werkendam;Hank;;;12;
3;NLD;Noord Brabant;Werkendam;Hill;;;12;
3;NLD;Noord Brabant;Werkendam;Kille;;;12;
3;NLD;Noord Brabant;Werkendam;Korn;;;12;
3;NLD;Noord Brabant;Werkendam;Nieuwendijk;;;12;
3;NLD;Noord Brabant;Werkendam;Peerenboom;;;12;
3;NLD;Noord Brabant;Werkendam;Sleeuwijk;;;12;
3;NLD;Noord Brabant;Werkendam;Vierbannen;;;12;
3;NLD;Noord Brabant;Werkendam;Werkendam;;;12;
2;NLD;Noord Brabant;Woensdrecht;;;;10;
3;NLD;Noord Brabant;Woensdrecht;Aanwas;;;12;
3;NLD;Noord Brabant;Woensdrecht;Calfven;;;12;
3;NLD;Noord Brabant;Woensdrecht;Hoogerheide;;;12;
3;NLD;Noord Brabant;Woensdrecht;Huijbergen;;;12;
3;NLD;Noord Brabant;Woensdrecht;Leemberg;;;12;
3;NLD;Noord Brabant;Woensdrecht;Ossendrecht;;;12;
3;NLD;Noord Brabant;Woensdrecht;Plaatsluis;;;12;
3;NLD;Noord Brabant;Woensdrecht;Putte;;;12;
3;NLD;Noord Brabant;Woensdrecht;Woensdrecht;;;12;
2;NLD;Noord Brabant;Woudrichem;;;;10;
3;NLD;Noord Brabant;Woudrichem;Almkerk;;;12;
3;NLD;Noord Brabant;Woudrichem;Andel;;;12;
3;NLD;Noord Brabant;Woudrichem;Giessen;;;12;
3;NLD;Noord Brabant;Woudrichem;Oudendijk;;;12;
3;NLD;Noord Brabant;Woudrichem;Rijswijk;;;12;
3;NLD;Noord Brabant;Woudrichem;Uitwijk;;;12;
3;NLD;Noord Brabant;Woudrichem;Waardhuizen;;;12;
3;NLD;Noord Brabant;Woudrichem;Woudrichem;;;12;
2;NLD;Noord Brabant;Zundert;;;;10;
3;NLD;Noord Brabant;Zundert;Achtmaal;;;12;
3;NLD;Noord Brabant;Zundert;Breedschot;;;12;
3;NLD;Noord Brabant;Zundert;Hazeldonk;;;12;
3;NLD;Noord Brabant;Zundert;Hellegat;;;12;
3;NLD;Noord Brabant;Zundert;Kaarschot;;;12;
3;NLD;Noord Brabant;Zundert;Klein-Oekel;;;12;
3;NLD;Noord Brabant;Zundert;Klein-Zundert;;;12;
3;NLD;Noord Brabant;Zundert;Oekel;;;12;
3;NLD;Noord Brabant;Zundert;Rijsbergen;;;12;
3;NLD;Noord Brabant;Zundert;Tiggelt;;;12;
3;NLD;Noord Brabant;Zundert;Tiggeltseberg;;;12;
3;NLD;Noord Brabant;Zundert;Wernhout;;;12;
3;NLD;Noord Brabant;Zundert;Zundert;;;12;
1;NLD;Noord Holland;;;;;7;places/NLD/flags/NH.gif
2;NLD;Noord Holland;Aalsmeer;;;;10;
3;NLD;Noord Holland;Aalsmeer;Aalsmeer;;;12;
3;NLD;Noord Holland;Aalsmeer;Kalslagen;;;12;
3;NLD;Noord Holland;Aalsmeer;Kudelstaart;;;12;
3;NLD;Noord Holland;Aalsmeer;Oosteinde;;;12;
3;NLD;Noord Holland;Aalsmeer;Vrouwentroost;;;12;
2;NLD;Noord Holland;Alkmaar;;;;10;
3;NLD;Noord Holland;Alkmaar;Alkmaar;;;12;
3;NLD;Noord Holland;Alkmaar;De Hoef;;;12;
3;NLD;Noord Holland;Alkmaar;Koedijk;;;12;
3;NLD;Noord Holland;Alkmaar;Oudorp;;;12;
2;NLD;Noord Holland;Amstelveen;;;;10;
3;NLD;Noord Holland;Amstelveen;Amstelveen;;;12;
3;NLD;Noord Holland;Amstelveen;Bovenkerk;;;12;
3;NLD;Noord Holland;Amstelveen;Nes aan de Amstel;;;12;
3;NLD;Noord Holland;Amstelveen;Ouderkerk aan de Amstel;;;12;
2;NLD;Noord Holland;Amsterdam;;;;10;
3;NLD;Noord Holland;Amsterdam;Amsterdam;E4.89317953790887;N52.3731050839032;12;
2;NLD;Noord Holland;Andijk;;;;10;
3;NLD;Noord Holland;Andijk;Andijk;;;12;
2;NLD;Noord Holland;Anna Paulowna;;;;10;
3;NLD;Noord Holland;Anna Paulowna;Anna Paulowna;;;12;
3;NLD;Noord Holland;Anna Paulowna;Breezand;;;12;
3;NLD;Noord Holland;Anna Paulowna;Ewijcksluis Van;;;12;
3;NLD;Noord Holland;Anna Paulowna;Gelderse Buurt;;;12;
3;NLD;Noord Holland;Anna Paulowna;Kleine Sluis;;;12;
3;NLD;Noord Holland;Anna Paulowna;Spoorbuurt;;;12;
3;NLD;Noord Holland;Anna Paulowna;Van Ewijcksluis;;;12;
3;NLD;Noord Holland;Anna Paulowna;Wieringerwaard;;;12;
2;NLD;Noord Holland;Beemster;;;;10;
3;NLD;Noord Holland;Beemster;Middenbeemster;;;12;
3;NLD;Noord Holland;Beemster;Noordbeemster;;;12;
3;NLD;Noord Holland;Beemster;Westbeemster;;;12;
3;NLD;Noord Holland;Beemster;Zuidoostbeemster;;;12;
2;NLD;Noord Holland;Bennebroek;;;;10;
3;NLD;Noord Holland;Bennebroek;Bennebroek;;;12;
2;NLD;Noord Holland;Bergen;;;;10;
3;NLD;Noord Holland;Bergen;Aagtdorp;;;12;
3;NLD;Noord Holland;Bergen;Bergen;;;12;
3;NLD;Noord Holland;Bergen;Bergen aan Zee;;;12;
3;NLD;Noord Holland;Bergen;Bregtdorp;;;12;
3;NLD;Noord Holland;Bergen;Camperduin;;;12;
3;NLD;Noord Holland;Bergen;Catrijp;;;12;
3;NLD;Noord Holland;Bergen;Egmond aan den Hoef;;;12;
3;NLD;Noord Holland;Bergen;Egmond aan Zee;;;12;
3;NLD;Noord Holland;Bergen;Egmond-Binnen;;;12;
3;NLD;Noord Holland;Bergen;Egmondermeer;;;12;
3;NLD;Noord Holland;Bergen;Groet;;;12;
3;NLD;Noord Holland;Bergen;Hargen;;;12;
3;NLD;Noord Holland;Bergen;Het Woud;;;12;
3;NLD;Noord Holland;Bergen;Rinnegom;;;12;
3;NLD;Noord Holland;Bergen;Schoorl;;;12;
3;NLD;Noord Holland;Bergen;Schoorldam;;;12;
2;NLD;Noord Holland;Beverwijk;;;;10;
3;NLD;Noord Holland;Beverwijk;Beverwijk;;;12;
3;NLD;Noord Holland;Beverwijk;Wijk aan Zee;;;12;
2;NLD;Noord Holland;Blaricum;;;;10;
3;NLD;Noord Holland;Blaricum;Blaricum;;;12;
3;NLD;Noord Holland;Blaricum;Craailo;;;12;
2;NLD;Noord Holland;Bloemendaal;;;;10;
3;NLD;Noord Holland;Bloemendaal;Aerdenhout;;;12;
3;NLD;Noord Holland;Bloemendaal;Bloemendaal;E4.621896743774414;N52.4044087488231;12;
3;NLD;Noord Holland;Bloemendaal;Bloemendaal aan Zee;;;12;
3;NLD;Noord Holland;Bloemendaal;Overveen;;;12;
3;NLD;Noord Holland;Bloemendaal;Santpoort-Zuid;;;12;
3;NLD;Noord Holland;Bloemendaal;Vogelenzang;;;12;
2;NLD;Noord Holland;Bussum;;;;10;
3;NLD;Noord Holland;Bussum;Bussum;E5.16501338291256;N52.2702663406649;12;
2;NLD;Noord Holland;Castricum;;;;10;
3;NLD;Noord Holland;Castricum;Akersloot;;;12;
3;NLD;Noord Holland;Castricum;Bakkum;;;12;
3;NLD;Noord Holland;Castricum;Bakkum-Noord;;;12;
3;NLD;Noord Holland;Castricum;Boekel;;;12;
3;NLD;Noord Holland;Castricum;Castricum;;;12;
3;NLD;Noord Holland;Castricum;Castricum aan Zee;;;12;
3;NLD;Noord Holland;Castricum;De Woude;;;12;
3;NLD;Noord Holland;Castricum;Limmen;;;12;
2;NLD;Noord Holland;Den Helder;;;;10;
3;NLD;Noord Holland;Den Helder;Blauwe Keet;;;12;
3;NLD;Noord Holland;Den Helder;De Kooy;;;12;
3;NLD;Noord Holland;Den Helder;Den Helder;;;12;
3;NLD;Noord Holland;Den Helder;Het Koegras;;;12;
3;NLD;Noord Holland;Den Helder;Huisduinen;;;12;
3;NLD;Noord Holland;Den Helder;Julianadorp;;;12;
3;NLD;Noord Holland;Den Helder;Nieuweschild;;;12;
2;NLD;Noord Holland;Diemen;;;;10;
3;NLD;Noord Holland;Diemen;Diemen;;;12;
2;NLD;Noord Holland;Drechterland;;;;10;
3;NLD;Noord Holland;Drechterland;Binnenwijzend;;;12;
3;NLD;Noord Holland;Drechterland;Blokdijk;;;12;
3;NLD;Noord Holland;Drechterland;Hem;;;12;
3;NLD;Noord Holland;Drechterland;Hoogkarspel;;;12;
3;NLD;Noord Holland;Drechterland;Oosterblokker;;;12;
3;NLD;Noord Holland;Drechterland;Oosterleek;;;12;
3;NLD;Noord Holland;Drechterland;Schellinkhout;;;12;
3;NLD;Noord Holland;Drechterland;Venhuizen;;;12;
3;NLD;Noord Holland;Drechterland;Westwoud;;;12;
3;NLD;Noord Holland;Drechterland;Wijdenes;;;12;
2;NLD;Noord Holland;Edam-Volendam;;;;10;
3;NLD;Noord Holland;Edam-Volendam;Edam;;;12;
3;NLD;Noord Holland;Edam-Volendam;Purmer;;;12;
3;NLD;Noord Holland;Edam-Volendam;Volendam;;;12;
2;NLD;Noord Holland;Enkhuizen;;;;10;
3;NLD;Noord Holland;Enkhuizen;Enkhuizen;;;12;
3;NLD;Noord Holland;Enkhuizen;Oosterdijk;;;12;
3;NLD;Noord Holland;Enkhuizen;Westeinde;;;12;
2;NLD;Noord Holland;Graft-De Rijp;;;;10;
3;NLD;Noord Holland;Graft-De Rijp;De Rijp;;;12;
3;NLD;Noord Holland;Graft-De Rijp;Graft;;;12;
3;NLD;Noord Holland;Graft-De Rijp;Markenbinnen;;;12;
3;NLD;Noord Holland;Graft-De Rijp;Noordeinde;;;12;
3;NLD;Noord Holland;Graft-De Rijp;Oost-Graftdijk;;;12;
3;NLD;Noord Holland;Graft-De Rijp;Oost-Graftdyk;;;12;
3;NLD;Noord Holland;Graft-De Rijp;Starnmeer;;;12;
3;NLD;Noord Holland;Graft-De Rijp;West-Graftdijk;;;12;
2;NLD;Noord Holland;Haarlem;;;;10;
3;NLD;Noord Holland;Haarlem;Haarlem;E4.64041856927562;N52.3802392164913;12;
3;NLD;Noord Holland;Haarlem;Spaarndam;;;12;
3;NLD;Noord Holland;Haarlem;Spaarndam-West;;;12;
2;NLD;Noord Holland;Haarlemmerliede en Spaarnwoude;;;;10;
3;NLD;Noord Holland;Haarlemmerliede en Spaarnwoude;Haarlemmerliede;E4.68741411274671;N52.3890911416556;12;
3;NLD;Noord Holland;Haarlemmerliede en Spaarnwoude;Halfweg;;;12;
3;NLD;Noord Holland;Haarlemmerliede en Spaarnwoude;Penningsveer;;;12;
3;NLD;Noord Holland;Haarlemmerliede en Spaarnwoude;Ruigoord;;;12;
3;NLD;Noord Holland;Haarlemmerliede en Spaarnwoude;Spaarndam;;;12;
3;NLD;Noord Holland;Haarlemmerliede en Spaarnwoude;Spaarndam-West;;;12;
3;NLD;Noord Holland;Haarlemmerliede en Spaarnwoude;Spaarnwoude;;;12;
3;NLD;Noord Holland;Haarlemmerliede en Spaarnwoude;Vinkebrug;;;12;
2;NLD;Noord Holland;Haarlemmermeer;;;;10;
3;NLD;Noord Holland;Haarlemmermeer;'t Kabel;;;12;
3;NLD;Noord Holland;Haarlemmermeer;Aalsmeerderbrug;;;12;
3;NLD;Noord Holland;Haarlemmermeer;Abbenes;;;12;
3;NLD;Noord Holland;Haarlemmermeer;Badhoevedorp;;;12;
3;NLD;Noord Holland;Haarlemmermeer;Beinsdorp;;;12;
3;NLD;Noord Holland;Haarlemmermeer;Boesingheliede;;;12;
3;NLD;Noord Holland;Haarlemmermeer;Buitenkaag;;;12;
3;NLD;Noord Holland;Haarlemmermeer;Burgerveen;;;12;
3;NLD;Noord Holland;Haarlemmermeer;Cruquius;;;12;
3;NLD;Noord Holland;Haarlemmermeer;De Hoek;;;12;
3;NLD;Noord Holland;Haarlemmermeer;Hoofddorp;E4.654555320739746;N52.30442453287882;12;
3;NLD;Noord Holland;Haarlemmermeer;Leimuiderbrug;;;12;
3;NLD;Noord Holland;Haarlemmermeer;Lijnden;;;12;
3;NLD;Noord Holland;Haarlemmermeer;Lisserbroek;;;12;
3;NLD;Noord Holland;Haarlemmermeer;Luchthaven Schiphol;;;12;
3;NLD;Noord Holland;Haarlemmermeer;Nieuw Vennep;E4.63105395303671;N52.2648090195181;12;
3;NLD;Noord Holland;Haarlemmermeer;Nieuw-Vennep;;;12;
3;NLD;Noord Holland;Haarlemmermeer;Nieuwe Meer;;;12;
3;NLD;Noord Holland;Haarlemmermeer;Nieuwebrug;;;12;
3;NLD;Noord Holland;Haarlemmermeer;Oude Meer;;;12;
3;NLD;Noord Holland;Haarlemmermeer;Rijsenhout;;;12;
3;NLD;Noord Holland;Haarlemmermeer;Rozenburg;;;12;
3;NLD;Noord Holland;Haarlemmermeer;Schiphol;;;12;
3;NLD;Noord Holland;Haarlemmermeer;Schiphol-Centrum;;;12;
3;NLD;Noord Holland;Haarlemmermeer;Schiphol-Oost;;;12;
3;NLD;Noord Holland;Haarlemmermeer;Schiphol-Rijk;;;12;
3;NLD;Noord Holland;Haarlemmermeer;Schiphol/Rijk;;;12;
3;NLD;Noord Holland;Haarlemmermeer;Vijfhuizen;;;12;
3;NLD;Noord Holland;Haarlemmermeer;Weteringbrug;;;12;
3;NLD;Noord Holland;Haarlemmermeer;Zwaanshoek;;;12;
3;NLD;Noord Holland;Haarlemmermeer;Zwanenburg;;;12;
2;NLD;Noord Holland;Harenkarspel;;;;10;
3;NLD;Noord Holland;Harenkarspel;'t Rijpje;;;12;
3;NLD;Noord Holland;Harenkarspel;Dirkshorn;;;12;
3;NLD;Noord Holland;Harenkarspel;Eenigenburg;;;12;
3;NLD;Noord Holland;Harenkarspel;Groenveld;;;12;
3;NLD;Noord Holland;Harenkarspel;Kalverdijk;;;12;
3;NLD;Noord Holland;Harenkarspel;Kerkbuurt;;;12;
3;NLD;Noord Holland;Harenkarspel;Krabbendam;;;12;
3;NLD;Noord Holland;Harenkarspel;Schoorldam;;;12;
3;NLD;Noord Holland;Harenkarspel;Sint Maarten;;;12;
3;NLD;Noord Holland;Harenkarspel;St Maarten;;;12;
3;NLD;Noord Holland;Harenkarspel;Stroet;;;12;
3;NLD;Noord Holland;Harenkarspel;Tuitjenhorn;;;12;
3;NLD;Noord Holland;Harenkarspel;Valkkoog;;;12;
3;NLD;Noord Holland;Harenkarspel;Waarland;;;12;
3;NLD;Noord Holland;Harenkarspel;Warmenhuizen;;;12;
2;NLD;Noord Holland;Heemskerk;;;;10;
3;NLD;Noord Holland;Heemskerk;Heemskerk;;;12;
2;NLD;Noord Holland;Heemstede;;;;10;
3;NLD;Noord Holland;Heemstede;Heemstede;E4.62125988865373;N52.3452686479408;12;
2;NLD;Noord Holland;Heerhugowaard;;;;10;
3;NLD;Noord Holland;Heerhugowaard;'t Kruis;;;12;
3;NLD;Noord Holland;Heerhugowaard;Broekhorn;;;12;
3;NLD;Noord Holland;Heerhugowaard;Butterhuizen;;;12;
3;NLD;Noord Holland;Heerhugowaard;De Noord;;;12;
3;NLD;Noord Holland;Heerhugowaard;Draai;;;12;
3;NLD;Noord Holland;Heerhugowaard;Frik;;;12;
3;NLD;Noord Holland;Heerhugowaard;Heerhugowaard;;;12;
3;NLD;Noord Holland;Heerhugowaard;Kabel;;;12;
3;NLD;Noord Holland;Heerhugowaard;Veenhuizen;;;12;
3;NLD;Noord Holland;Heerhugowaard;Verlaat;;;12;
2;NLD;Noord Holland;Heiloo;;;;10;
3;NLD;Noord Holland;Heiloo;Heiloo;;;12;
2;NLD;Noord Holland;Hilversum;;;;10;
3;NLD;Noord Holland;Hilversum;Hilversum;;;12;
2;NLD;Noord Holland;Hoorn;;;;10;
3;NLD;Noord Holland;Hoorn;Bangert;;;12;
3;NLD;Noord Holland;Hoorn;Blokdijk;;;12;
3;NLD;Noord Holland;Hoorn;Blokker;;;12;
3;NLD;Noord Holland;Hoorn;Hoorn;E5.05951043901114;N52.6425287259035;12;
3;NLD;Noord Holland;Hoorn;Westerblokker;;;12;
3;NLD;Noord Holland;Hoorn;Zwaag;;;12;
2;NLD;Noord Holland;Huizen;;;;10;
3;NLD;Noord Holland;Huizen;Huizen;;;12;
2;NLD;Noord Holland;Landsmeer;;;;10;
3;NLD;Noord Holland;Landsmeer;Den Ilp;;;12;
3;NLD;Noord Holland;Landsmeer;Landsmeer;;;12;
3;NLD;Noord Holland;Landsmeer;Purmerland;;;12;
2;NLD;Noord Holland;Langedijk;;;;10;
3;NLD;Noord Holland;Langedijk;Broek op Langedijk;;;12;
3;NLD;Noord Holland;Langedijk;Koedijk;;;12;
3;NLD;Noord Holland;Langedijk;Noord-Scharwoude;;;12;
3;NLD;Noord Holland;Langedijk;Oudkarspel;;;12;
3;NLD;Noord Holland;Langedijk;Sint Pancras;;;12;
3;NLD;Noord Holland;Langedijk;Zuid-Scharwoude;;;12;
2;NLD;Noord Holland;Laren;;;;10;
3;NLD;Noord Holland;Laren;Laren;;;12;
2;NLD;Noord Holland;Medemblik;;;;10;
3;NLD;Noord Holland;Medemblik;Medemblik;;;12;
2;NLD;Noord Holland;Muiden;;;;10;
3;NLD;Noord Holland;Muiden;Muiden;;;12;
3;NLD;Noord Holland;Muiden;Muiderberg;;;12;
2;NLD;Noord Holland;Naarden;;;;10;
3;NLD;Noord Holland;Naarden;Naarden;;;12;
3;NLD;Noord Holland;Naarden;Valkeveen;;;12;
2;NLD;Noord Holland;Niedorp;;;;10;
3;NLD;Noord Holland;Niedorp;'t Veld;;;12;
3;NLD;Noord Holland;Niedorp;Barsingerhorn;;;12;
3;NLD;Noord Holland;Niedorp;Blokhuizen;;;12;
3;NLD;Noord Holland;Niedorp;Groetpolder;;;12;
3;NLD;Noord Holland;Niedorp;Haringhuizen;;;12;
3;NLD;Noord Holland;Niedorp;Kolhorn;;;12;
3;NLD;Noord Holland;Niedorp;Lutjewinkel;;;12;
3;NLD;Noord Holland;Niedorp;Nieuwe Niedorp;;;12;
3;NLD;Noord Holland;Niedorp;Nieuwe-Niedorp;;;12;
3;NLD;Noord Holland;Niedorp;Oude Niedorp;;;12;
3;NLD;Noord Holland;Niedorp;Oude-Niedorp;;;12;
3;NLD;Noord Holland;Niedorp;Terdiek;;;12;
3;NLD;Noord Holland;Niedorp;Winkel;;;12;
3;NLD;Noord Holland;Niedorp;Zijdewind;;;12;
2;NLD;Noord Holland;Noorder-Koggenland;;;;10;
3;NLD;Noord Holland;Noorder-Koggenland;Abbekerk;;;12;
3;NLD;Noord Holland;Noorder-Koggenland;Benningbroek;;;12;
3;NLD;Noord Holland;Noorder-Koggenland;Hauwert;;;12;
3;NLD;Noord Holland;Noorder-Koggenland;Lambertschaag;;;12;
3;NLD;Noord Holland;Noorder-Koggenland;Midwoud;;;12;
3;NLD;Noord Holland;Noorder-Koggenland;Oostwoud;;;12;
3;NLD;Noord Holland;Noorder-Koggenland;Opperdoes;;;12;
3;NLD;Noord Holland;Noorder-Koggenland;Sijbekarspel;;;12;
3;NLD;Noord Holland;Noorder-Koggenland;Twisk;;;12;
3;NLD;Noord Holland;Noorder-Koggenland;Veldhuis;;;12;
2;NLD;Noord Holland;Obdam;;;;10;
3;NLD;Noord Holland;Obdam;Berkmeer;;;12;
3;NLD;Noord Holland;Obdam;Hensbroek;;;12;
3;NLD;Noord Holland;Obdam;Obdam;;;12;
3;NLD;Noord Holland;Obdam;Wogmeer;;;12;
2;NLD;Noord Holland;Oostzaan;;;;10;
3;NLD;Noord Holland;Oostzaan;Oostzaan;;;12;
2;NLD;Noord Holland;Opmeer;;;;10;
3;NLD;Noord Holland;Opmeer;Aardswoud;;;12;
3;NLD;Noord Holland;Opmeer;Aartswoud;;;12;
3;NLD;Noord Holland;Opmeer;Abbekerkeweere;;;12;
3;NLD;Noord Holland;Opmeer;Berkmeer;;;12;
3;NLD;Noord Holland;Opmeer;De Weere;;;12;
3;NLD;Noord Holland;Opmeer;Gouwe;;;12;
3;NLD;Noord Holland;Opmeer;Hoogwoud;;;12;
3;NLD;Noord Holland;Opmeer;Opmeer;;;12;
3;NLD;Noord Holland;Opmeer;Spanbroek;;;12;
3;NLD;Noord Holland;Opmeer;Wadway;;;12;
3;NLD;Noord Holland;Opmeer;Zandwerven;;;12;
2;NLD;Noord Holland;Ouder-Amstel;;;;10;
3;NLD;Noord Holland;Ouder-Amstel;Duivendrecht;;;12;
3;NLD;Noord Holland;Ouder-Amstel;Ouderkerk aan de Amstel;;;12;
3;NLD;Noord Holland;Ouder-Amstel;Waver;;;12;
2;NLD;Noord Holland;Purmerend;;;;10;
3;NLD;Noord Holland;Purmerend;Purmerend;;;12;
2;NLD;Noord Holland;Schagen;;;;10;
3;NLD;Noord Holland;Schagen;Schagen;;;12;
2;NLD;Noord Holland;Schermer;;;;10;
3;NLD;Noord Holland;Schermer;Driehuizen;;;12;
3;NLD;Noord Holland;Schermer;Grootschermer;;;12;
3;NLD;Noord Holland;Schermer;Oterleek;;;12;
3;NLD;Noord Holland;Schermer;Schermerhorn;;;12;
3;NLD;Noord Holland;Schermer;Stompetoren;;;12;
3;NLD;Noord Holland;Schermer;Ursem;;;12;
3;NLD;Noord Holland;Schermer;Veenhuizen;;;12;
3;NLD;Noord Holland;Schermer;Zuidschermer;;;12;
3;NLD;Noord Holland;Schermer;Zuidschermer gem Schermer;;;12;
2;NLD;Noord Holland;Stede Broec;;;;10;
3;NLD;Noord Holland;Stede Broec;Bovenkarspel;;;12;
3;NLD;Noord Holland;Stede Broec;Broekerhaven;;;12;
3;NLD;Noord Holland;Stede Broec;Grootebroek;;;12;
3;NLD;Noord Holland;Stede Broec;Horn;;;12;
3;NLD;Noord Holland;Stede Broec;Lutjebroek;;;12;
2;NLD;Noord Holland;Texel;;;;10;
3;NLD;Noord Holland;Texel;'t Horntje;;;12;
3;NLD;Noord Holland;Texel;Bargen;;;12;
3;NLD;Noord Holland;Texel;De Cocksdorp;;;12;
3;NLD;Noord Holland;Texel;De Koog;;;12;
3;NLD;Noord Holland;Texel;De Nes;;;12;
3;NLD;Noord Holland;Texel;De Waal;;;12;
3;NLD;Noord Holland;Texel;Den Burg;;;12;
3;NLD;Noord Holland;Texel;Den Hoorn;;;12;
3;NLD;Noord Holland;Texel;Dijkmanshuizen;;;12;
3;NLD;Noord Holland;Texel;Driehuizen;;;12;
3;NLD;Noord Holland;Texel;Eierland;;;12;
3;NLD;Noord Holland;Texel;Harkebuurt;;;12;
3;NLD;Noord Holland;Texel;Midden-Eierland;;;12;
3;NLD;Noord Holland;Texel;Molenbuurt;;;12;
3;NLD;Noord Holland;Texel;Nieuweschild;;;12;
3;NLD;Noord Holland;Texel;Noorderbuurt;;;12;
3;NLD;Noord Holland;Texel;Ongeren;;;12;
3;NLD;Noord Holland;Texel;Oost;;;12;
3;NLD;Noord Holland;Texel;Oosterend;;;12;
3;NLD;Noord Holland;Texel;Oudeschild;;;12;
3;NLD;Noord Holland;Texel;Spang;;;12;
3;NLD;Noord Holland;Texel;Spijkdorp;;;12;
3;NLD;Noord Holland;Texel;Texel;;;12;
3;NLD;Noord Holland;Texel;Tienhoven;;;12;
3;NLD;Noord Holland;Texel;Westermient;;;12;
3;NLD;Noord Holland;Texel;Zevenhuizen;;;12;
3;NLD;Noord Holland;Texel;Zuid-Eierland;;;12;
2;NLD;Noord Holland;Uitgeest;;;;10;
3;NLD;Noord Holland;Uitgeest;Assum;;;12;
3;NLD;Noord Holland;Uitgeest;Busch en Dam;;;12;
3;NLD;Noord Holland;Uitgeest;Dorregeest;;;12;
3;NLD;Noord Holland;Uitgeest;Groot Dorregeest;;;12;
3;NLD;Noord Holland;Uitgeest;Kogerpolder;;;12;
3;NLD;Noord Holland;Uitgeest;Starnmeer;;;12;
3;NLD;Noord Holland;Uitgeest;Uitgeest;;;12;
2;NLD;Noord Holland;Uithoorn;;;;10;
3;NLD;Noord Holland;Uithoorn;De Kwakel;;;12;
3;NLD;Noord Holland;Uithoorn;Uithoorn;;;12;
2;NLD;Noord Holland;Velsen;;;;10;
3;NLD;Noord Holland;Velsen;Driehuis;E4.63492026699376;N52.4464783910621;12;
3;NLD;Noord Holland;Velsen;IJmuiden;;;12;
3;NLD;Noord Holland;Velsen;Santpoort-Noord;;;12;
3;NLD;Noord Holland;Velsen;Santpoort-Zuid;;;12;
3;NLD;Noord Holland;Velsen;Velsen-Noord;;;12;
3;NLD;Noord Holland;Velsen;Velsen-Zuid;;;12;
3;NLD;Noord Holland;Velsen;Velserbroek;;;12;
2;NLD;Noord Holland;Waterland;;;;10;
3;NLD;Noord Holland;Waterland;Broek in Waterland;;;12;
3;NLD;Noord Holland;Waterland;Ilpendam;;;12;
3;NLD;Noord Holland;Waterland;Katwoude;;;12;
3;NLD;Noord Holland;Waterland;Marken;;;12;
3;NLD;Noord Holland;Waterland;Monnickendam;;;12;
3;NLD;Noord Holland;Waterland;Purmer;;;12;
3;NLD;Noord Holland;Waterland;Uitdam;;;12;
3;NLD;Noord Holland;Waterland;Watergang;;;12;
3;NLD;Noord Holland;Waterland;Zuiderwoude;;;12;
2;NLD;Noord Holland;Weesp;;;;10;
3;NLD;Noord Holland;Weesp;De Horn;;;12;
3;NLD;Noord Holland;Weesp;Uitermeer;;;12;
3;NLD;Noord Holland;Weesp;Weesp;;;12;
2;NLD;Noord Holland;Wervershoof;;;;10;
3;NLD;Noord Holland;Wervershoof;Onderdijk;;;12;
3;NLD;Noord Holland;Wervershoof;Wervershoof;;;12;
3;NLD;Noord Holland;Wervershoof;Zwaagdijk;;;12;
3;NLD;Noord Holland;Wervershoof;Zwaagdijk-Oost;;;12;
2;NLD;Noord Holland;Wester-Koggenland;;;;10;
3;NLD;Noord Holland;Wester-Koggenland;Avenhorn;;;12;
3;NLD;Noord Holland;Wester-Koggenland;Baarsdorpermeer;;;12;
3;NLD;Noord Holland;Wester-Koggenland;Berkhout;;;12;
3;NLD;Noord Holland;Wester-Koggenland;Bobeldijk;;;12;
3;NLD;Noord Holland;Wester-Koggenland;De Goorn;;;12;
3;NLD;Noord Holland;Wester-Koggenland;Grosthuizen;;;12;
3;NLD;Noord Holland;Wester-Koggenland;Mijzen;;;12;
3;NLD;Noord Holland;Wester-Koggenland;Oudendijk;;;12;
3;NLD;Noord Holland;Wester-Koggenland;Rustenburg;;;12;
3;NLD;Noord Holland;Wester-Koggenland;Scharwoude;;;12;
3;NLD;Noord Holland;Wester-Koggenland;Spierdijk;;;12;
3;NLD;Noord Holland;Wester-Koggenland;Ursem;;;12;
3;NLD;Noord Holland;Wester-Koggenland;Wogmeer;;;12;
3;NLD;Noord Holland;Wester-Koggenland;Zuidermeer;;;12;
2;NLD;Noord Holland;Wieringen;;;;10;
3;NLD;Noord Holland;Wieringen;Belt;;;12;
3;NLD;Noord Holland;Wieringen;Dam;;;12;
3;NLD;Noord Holland;Wieringen;De Gest;;;12;
3;NLD;Noord Holland;Wieringen;De Haukes;;;12;
3;NLD;Noord Holland;Wieringen;De Heid;;;12;
3;NLD;Noord Holland;Wieringen;De Hoelm;;;12;
3;NLD;Noord Holland;Wieringen;Den Oever;;;12;
3;NLD;Noord Holland;Wieringen;Elft;;;12;
3;NLD;Noord Holland;Wieringen;Hippolytushoef;;;12;
3;NLD;Noord Holland;Wieringen;Hollebalg;;;12;
3;NLD;Noord Holland;Wieringen;Noord-Stroe;;;12;
3;NLD;Noord Holland;Wieringen;Noordburen;;;12;
3;NLD;Noord Holland;Wieringen;Noorderbuurt;;;12;
3;NLD;Noord Holland;Wieringen;Oosterklief;;;12;
3;NLD;Noord Holland;Wieringen;Oosterland;;;12;
3;NLD;Noord Holland;Wieringen;Smerp;;;12;
3;NLD;Noord Holland;Wieringen;Stroe;;;12;
3;NLD;Noord Holland;Wieringen;Vatrop;;;12;
3;NLD;Noord Holland;Wieringen;Westerklief;;;12;
3;NLD;Noord Holland;Wieringen;Westerland;;;12;
2;NLD;Noord Holland;Wieringermeer;;;;10;
3;NLD;Noord Holland;Wieringermeer;Kreileroord;;;12;
3;NLD;Noord Holland;Wieringermeer;Middenmeer;;;12;
3;NLD;Noord Holland;Wieringermeer;Slootdorp;;;12;
3;NLD;Noord Holland;Wieringermeer;Wieringerwerf;;;12;
2;NLD;Noord Holland;Wijdemeren;;;;10;
3;NLD;Noord Holland;Wijdemeren;'s-Graveland;;;12;
3;NLD;Noord Holland;Wijdemeren;Ankeveen;;;12;
3;NLD;Noord Holland;Wijdemeren;Boomhoek;;;12;
3;NLD;Noord Holland;Wijdemeren;Breukeleveen;;;12;
3;NLD;Noord Holland;Wijdemeren;Kortenhoef;;;12;
3;NLD;Noord Holland;Wijdemeren;Loosdrecht;;;12;
3;NLD;Noord Holland;Wijdemeren;Muyeveld;;;12;
3;NLD;Noord Holland;Wijdemeren;Nederhorst den Berg;;;12;
3;NLD;Noord Holland;Wijdemeren;Nieuw-Loosdrecht;;;12;
3;NLD;Noord Holland;Wijdemeren;Oud-Loosdrecht;;;12;
2;NLD;Noord Holland;Wognum;;;;10;
3;NLD;Noord Holland;Wognum;Nibbixwoud;;;12;
3;NLD;Noord Holland;Wognum;Wognum;;;12;
3;NLD;Noord Holland;Wognum;Zwaagdijk;;;12;
3;NLD;Noord Holland;Wognum;Zwaagdijk-West;;;12;
2;NLD;Noord Holland;Wormerland;;;;10;
3;NLD;Noord Holland;Wormerland;Jisp;;;12;
3;NLD;Noord Holland;Wormerland;Neck;;;12;
3;NLD;Noord Holland;Wormerland;Oostknollendam;;;12;
3;NLD;Noord Holland;Wormerland;Spijkerboor;;;12;
3;NLD;Noord Holland;Wormerland;Wijdewormer;;;12;
3;NLD;Noord Holland;Wormerland;Wormer;;;12;
2;NLD;Noord Holland;Zaanstad;;;;10;
3;NLD;Noord Holland;Zaanstad;Assendelft;;;12;
3;NLD;Noord Holland;Zaanstad;Bus en Dam;;;12;
3;NLD;Noord Holland;Zaanstad;Koog aan de Zaan;;;12;
3;NLD;Noord Holland;Zaanstad;Krommenie;;;12;
3;NLD;Noord Holland;Zaanstad;Krommeniedijk;;;12;
3;NLD;Noord Holland;Zaanstad;Westknollendam;;;12;
3;NLD;Noord Holland;Zaanstad;Westzaan;;;12;
3;NLD;Noord Holland;Zaanstad;Wormerveer;;;12;
3;NLD;Noord Holland;Zaanstad;Zaandam;E4.8566657734928;N52.442438334168;12;
3;NLD;Noord Holland;Zaanstad;Zaandijk;;;12;
2;NLD;Noord Holland;Zandvoort;;;;10;
3;NLD;Noord Holland;Zandvoort;Bentveld;;;12;
3;NLD;Noord Holland;Zandvoort;Zandvoort;;;12;
2;NLD;Noord Holland;Zeevang;;;;10;
3;NLD;Noord Holland;Zeevang;Akswijk;;;12;
3;NLD;Noord Holland;Zeevang;Axwijk;;;12;
3;NLD;Noord Holland;Zeevang;Beets;;;12;
3;NLD;Noord Holland;Zeevang;Etersheim;;;12;
3;NLD;Noord Holland;Zeevang;Hobrede;;;12;
3;NLD;Noord Holland;Zeevang;Kwadijk;;;12;
3;NLD;Noord Holland;Zeevang;Middelie;;;12;
3;NLD;Noord Holland;Zeevang;Oosthuizen;;;12;
3;NLD;Noord Holland;Zeevang;Schardam;;;12;
3;NLD;Noord Holland;Zeevang;Verloren Einde;;;12;
3;NLD;Noord Holland;Zeevang;Warder;;;12;
2;NLD;Noord Holland;Zijpe;;;;10;
3;NLD;Noord Holland;Zijpe;'t Buurtje;;;12;
3;NLD;Noord Holland;Zijpe;'t Zand;;;12;
3;NLD;Noord Holland;Zijpe;Burgerbrug;;;12;
3;NLD;Noord Holland;Zijpe;Burgervlotbrug;;;12;
3;NLD;Noord Holland;Zijpe;Callantsoog;;;12;
3;NLD;Noord Holland;Zijpe;Eenigenburg;;;12;
3;NLD;Noord Holland;Zijpe;Groenveld;;;12;
3;NLD;Noord Holland;Zijpe;Groote Keeten;;;12;
3;NLD;Noord Holland;Zijpe;Keinsmerbrug;;;12;
3;NLD;Noord Holland;Zijpe;Oudesluis;;;12;
3;NLD;Noord Holland;Zijpe;Petten;;;12;
3;NLD;Noord Holland;Zijpe;Schagerbrug;;;12;
3;NLD;Noord Holland;Zijpe;Schagerwaard;;;12;
3;NLD;Noord Holland;Zijpe;Sint Maartensbrug;;;12;
3;NLD;Noord Holland;Zijpe;Sint Maartensvlotbrug;;;12;
3;NLD;Noord Holland;Zijpe;Sint Maartenszee;;;12;
3;NLD;Noord Holland;Zijpe;St Maartensbrug;;;12;
3;NLD;Noord Holland;Zijpe;St Maartensvlotbrug;;;12;
3;NLD;Noord Holland;Zijpe;St Maartenszee;;;12;
3;NLD;Noord Holland;Zijpe;Stolpen;;;12;
3;NLD;Noord Holland;Zijpe;Stolpervlotbrug;;;12;
3;NLD;Noord Holland;Zijpe;Stroet;;;12;
3;NLD;Noord Holland;Zijpe;Valkkoog;;;12;
3;NLD;Noord Holland;Zijpe;Zijpersluis;;;12;
1;NLD;Overijssel;;;;;7;places/NLD/flags/OV.gif
2;NLD;Overijssel;Almelo;;;;10;
3;NLD;Overijssel;Almelo;Aadorp;;;12;
3;NLD;Overijssel;Almelo;Almelo;;;12;
3;NLD;Overijssel;Almelo;Bavinkel;;;12;
3;NLD;Overijssel;Almelo;Bornerbroek;;;12;
3;NLD;Overijssel;Almelo;Mariaparochie;;;12;
3;NLD;Overijssel;Almelo;Tusveld;;;12;
2;NLD;Overijssel;Borne;;;;10;
3;NLD;Overijssel;Borne;Borne;;;12;
3;NLD;Overijssel;Borne;Hertme;;;12;
3;NLD;Overijssel;Borne;Zenderen;;;12;
2;NLD;Overijssel;Dalfsen;;;;10;
3;NLD;Overijssel;Dalfsen;Ankum;;;12;
3;NLD;Overijssel;Dalfsen;Beze;;;12;
3;NLD;Overijssel;Dalfsen;Broekhuizen;;;12;
3;NLD;Overijssel;Dalfsen;Dalfsen;;;12;
3;NLD;Overijssel;Dalfsen;Dalfserveld;;;12;
3;NLD;Overijssel;Dalfsen;Dalmsholte;;;12;
3;NLD;Overijssel;Dalfsen;De Marshoek;;;12;
3;NLD;Overijssel;Dalfsen;Emmen;;;12;
3;NLD;Overijssel;Dalfsen;Engeland;;;12;
3;NLD;Overijssel;Dalfsen;Gerner;;;12;
3;NLD;Overijssel;Dalfsen;Hessum;;;12;
3;NLD;Overijssel;Dalfsen;Holt;;;12;
3;NLD;Overijssel;Dalfsen;Hoonhorst;;;12;
3;NLD;Overijssel;Dalfsen;Kluinhaar;;;12;
3;NLD;Overijssel;Dalfsen;Lemelerveld;;;12;
3;NLD;Overijssel;Dalfsen;Lenthe;;;12;
3;NLD;Overijssel;Dalfsen;Leusenerslag;;;12;
3;NLD;Overijssel;Dalfsen;Leusenerveld;;;12;
3;NLD;Overijssel;Dalfsen;Mataram;;;12;
3;NLD;Overijssel;Dalfsen;Millingen;;;12;
3;NLD;Overijssel;Dalfsen;Nieuwleusen;;;12;
3;NLD;Overijssel;Dalfsen;Ooster-Dalfsen;;;12;
3;NLD;Overijssel;Dalfsen;Oudleusen;;;12;
3;NLD;Overijssel;Dalfsen;Oudleusenerveld;;;12;
3;NLD;Overijssel;Dalfsen;Punthorst;;;12;
3;NLD;Overijssel;Dalfsen;Ranserveen;;;12;
3;NLD;Overijssel;Dalfsen;Rechteren;;;12;
3;NLD;Overijssel;Dalfsen;Rosengaarde;;;12;
3;NLD;Overijssel;Dalfsen;Slennebroek;;;12;
3;NLD;Overijssel;Dalfsen;Sterrebos;;;12;
3;NLD;Overijssel;Dalfsen;Strenkhaar;;;12;
3;NLD;Overijssel;Dalfsen;Vennenberg;;;12;
3;NLD;Overijssel;Dalfsen;Welsum;;;12;
2;NLD;Overijssel;Deventer;;;;10;
3;NLD;Overijssel;Deventer;Apenhuizen;;;12;
3;NLD;Overijssel;Deventer;Averlo;;;12;
3;NLD;Overijssel;Deventer;Bathmen;;;12;
3;NLD;Overijssel;Deventer;Borgele;;;12;
3;NLD;Overijssel;Deventer;Colmschate;;;12;
3;NLD;Overijssel;Deventer;Deventer;E6.166419982910156;N52.25239691695172;12;
3;NLD;Overijssel;Deventer;Diepenveen;;;12;
3;NLD;Overijssel;Deventer;Dortherhoek;;;12;
3;NLD;Overijssel;Deventer;Frieswijk;;;12;
3;NLD;Overijssel;Deventer;Lettele;;;12;
3;NLD;Overijssel;Deventer;Linde;;;12;
3;NLD;Overijssel;Deventer;Loo;;;12;
3;NLD;Overijssel;Deventer;Molenbelt;;;12;
3;NLD;Overijssel;Deventer;Okkenbroek;;;12;
3;NLD;Overijssel;Deventer;Oude Molen;;;12;
3;NLD;Overijssel;Deventer;Pieriksmars;;;12;
3;NLD;Overijssel;Deventer;Rande;;;12;
3;NLD;Overijssel;Deventer;Schalkhaar;;;12;
3;NLD;Overijssel;Deventer;Tjoene;;;12;
3;NLD;Overijssel;Deventer;Zandbelt;;;12;
3;NLD;Overijssel;Deventer;Zuidloo;;;12;
2;NLD;Overijssel;Dinkelland;;;;10;
3;NLD;Overijssel;Dinkelland;Agelo;;;12;
3;NLD;Overijssel;Dinkelland;Breklenkamp;;;12;
3;NLD;Overijssel;Dinkelland;Denekamp;;;12;
3;NLD;Overijssel;Dinkelland;Deurningen;;;12;
3;NLD;Overijssel;Dinkelland;Dulder;;;12;
3;NLD;Overijssel;Dinkelland;Gammelke;;;12;
3;NLD;Overijssel;Dinkelland;Groot Agelo;;;12;
3;NLD;Overijssel;Dinkelland;Het Stift;;;12;
3;NLD;Overijssel;Dinkelland;Klein Agelo;;;12;
3;NLD;Overijssel;Dinkelland;Lattrop;;;12;
3;NLD;Overijssel;Dinkelland;Lattrop-Breklenkamp;;;12;
3;NLD;Overijssel;Dinkelland;Lemselo;;;12;
3;NLD;Overijssel;Dinkelland;Noord Deurningen;;;12;
3;NLD;Overijssel;Dinkelland;Nutter;;;12;
3;NLD;Overijssel;Dinkelland;Ootmarsum;;;12;
3;NLD;Overijssel;Dinkelland;Oud Ootmarsum;;;12;
3;NLD;Overijssel;Dinkelland;Rossum;;;12;
3;NLD;Overijssel;Dinkelland;Saasveld;;;12;
3;NLD;Overijssel;Dinkelland;Tilligte;;;12;
3;NLD;Overijssel;Dinkelland;Volthe;;;12;
3;NLD;Overijssel;Dinkelland;Weerselo;;;12;
2;NLD;Overijssel;Enschede;;;;10;
3;NLD;Overijssel;Enschede;Boekelo;;;12;
3;NLD;Overijssel;Enschede;Enschede;;;12;
3;NLD;Overijssel;Enschede;Glanerbrug;;;12;
3;NLD;Overijssel;Enschede;Lonneker;;;12;
3;NLD;Overijssel;Enschede;Usselo;;;12;
2;NLD;Overijssel;Haaksbergen;;;;10;
3;NLD;Overijssel;Haaksbergen;Brammelo;;;12;
3;NLD;Overijssel;Haaksbergen;Buurse;;;12;
3;NLD;Overijssel;Haaksbergen;Haaksbergen;;;12;
3;NLD;Overijssel;Haaksbergen;Langelo;;;12;
3;NLD;Overijssel;Haaksbergen;St Isodorushoeve;;;12;
3;NLD;Overijssel;Haaksbergen;Stepelo;;;12;
2;NLD;Overijssel;Hardenberg;;;;10;
3;NLD;Overijssel;Hardenberg;'t Bergje;;;12;
3;NLD;Overijssel;Hardenberg;Ane;;;12;
3;NLD;Overijssel;Hardenberg;Anerveen;;;12;
3;NLD;Overijssel;Hardenberg;Anevelde;;;12;
3;NLD;Overijssel;Hardenberg;Baalder;;;12;
3;NLD;Overijssel;Hardenberg;Balkbrug;;;12;
3;NLD;Overijssel;Hardenberg;Bergentheim;;;12;
3;NLD;Overijssel;Hardenberg;Braamberg;;;12;
3;NLD;Overijssel;Hardenberg;Brucht;;;12;
3;NLD;Overijssel;Hardenberg;Bruchterveld;;;12;
3;NLD;Overijssel;Hardenberg;Collendoorn;;;12;
3;NLD;Overijssel;Hardenberg;De Haar;;;12;
3;NLD;Overijssel;Hardenberg;De Krim;;;12;
3;NLD;Overijssel;Hardenberg;De Maat;;;12;
3;NLD;Overijssel;Hardenberg;De Mulderij;;;12;
3;NLD;Overijssel;Hardenberg;De Pol;;;12;
3;NLD;Overijssel;Hardenberg;De Tippe;;;12;
3;NLD;Overijssel;Hardenberg;Dedemsvaart;;;12;
3;NLD;Overijssel;Hardenberg;Den Huizen;;;12;
3;NLD;Overijssel;Hardenberg;Den Kaat;;;12;
3;NLD;Overijssel;Hardenberg;Den Oosterhuis;;;12;
3;NLD;Overijssel;Hardenberg;Den Velde;;;12;
3;NLD;Overijssel;Hardenberg;Den Westerhuis;;;12;
3;NLD;Overijssel;Hardenberg;Diffelen;;;12;
3;NLD;Overijssel;Hardenberg;Drogteropslagen;;;12;
3;NLD;Overijssel;Hardenberg;Gramsbergen;;;12;
3;NLD;Overijssel;Hardenberg;Groot-Oever;;;12;
3;NLD;Overijssel;Hardenberg;Hardenberg;;;12;
3;NLD;Overijssel;Hardenberg;Heemserveen;;;12;
3;NLD;Overijssel;Hardenberg;Holtheme;;;12;
3;NLD;Overijssel;Hardenberg;Holthone;;;12;
3;NLD;Overijssel;Hardenberg;Hoogenweg;;;12;
3;NLD;Overijssel;Hardenberg;Kievitshaar;;;12;
3;NLD;Overijssel;Hardenberg;Kloosterhaar;;;12;
3;NLD;Overijssel;Hardenberg;Loozen;;;12;
3;NLD;Overijssel;Hardenberg;Lutten;;;12;
3;NLD;Overijssel;Hardenberg;Lutten-Oever;;;12;
3;NLD;Overijssel;Hardenberg;Mariënberg;;;12;
3;NLD;Overijssel;Hardenberg;Noord-Stegeren;;;12;
3;NLD;Overijssel;Hardenberg;Oud Avereest;;;12;
3;NLD;Overijssel;Hardenberg;Oud-Avereest;;;12;
3;NLD;Overijssel;Hardenberg;Radewijk;;;12;
3;NLD;Overijssel;Hardenberg;Rheeze;;;12;
3;NLD;Overijssel;Hardenberg;Rheezerveen;;;12;
3;NLD;Overijssel;Hardenberg;Schuinesloot;;;12;
3;NLD;Overijssel;Hardenberg;Sibculo;;;12;
3;NLD;Overijssel;Hardenberg;Slagharen;;;12;
3;NLD;Overijssel;Hardenberg;Sluis 5;;;12;
3;NLD;Overijssel;Hardenberg;Sluis 6;;;12;
3;NLD;Overijssel;Hardenberg;Sponturfwijk;;;12;
3;NLD;Overijssel;Hardenberg;Strooiendorp;;;12;
3;NLD;Overijssel;Hardenberg;Venebrugge;;;12;
2;NLD;Overijssel;Hellendoorn;;;;10;
3;NLD;Overijssel;Hellendoorn;Daarle;;;12;
3;NLD;Overijssel;Hellendoorn;Daarlerveen;;;12;
3;NLD;Overijssel;Hellendoorn;Eelen en Rhaan;;;12;
3;NLD;Overijssel;Hellendoorn;Egede;;;12;
3;NLD;Overijssel;Hellendoorn;Haarle;;;12;
3;NLD;Overijssel;Hellendoorn;Hankate;;;12;
3;NLD;Overijssel;Hellendoorn;Hellendoorn;;;12;
3;NLD;Overijssel;Hellendoorn;Hulsen;;;12;
3;NLD;Overijssel;Hellendoorn;Marle;;;12;
3;NLD;Overijssel;Hellendoorn;Nijverdal;;;12;
3;NLD;Overijssel;Hellendoorn;Schuilenburg;;;12;
2;NLD;Overijssel;Hengelo;;;;10;
3;NLD;Overijssel;Hengelo;Beckum;;;12;
3;NLD;Overijssel;Hengelo;Hasselo;;;12;
3;NLD;Overijssel;Hengelo;Hengelo;E6.77556857410698;N52.2551443018425;12;
2;NLD;Overijssel;Hof van Twente;;;;10;
3;NLD;Overijssel;Hof van Twente;Achterhoek;;;12;
3;NLD;Overijssel;Hof van Twente;Ambt Delden;;;12;
3;NLD;Overijssel;Hof van Twente;Azelo;;;12;
3;NLD;Overijssel;Hof van Twente;Bentelo;;;12;
3;NLD;Overijssel;Hof van Twente;Delden;;;12;
3;NLD;Overijssel;Hof van Twente;Deldenerbroek;;;12;
3;NLD;Overijssel;Hof van Twente;Deldeneresch;;;12;
3;NLD;Overijssel;Hof van Twente;Diepenheim;;;12;
3;NLD;Overijssel;Hof van Twente;Dijkerhoek;;;12;
3;NLD;Overijssel;Hof van Twente;Elsen;;;12;
3;NLD;Overijssel;Hof van Twente;Elsenerbroek;;;12;
3;NLD;Overijssel;Hof van Twente;Goor;;;12;
3;NLD;Overijssel;Hof van Twente;Hengevelde;;;12;
3;NLD;Overijssel;Hof van Twente;Herike;;;12;
3;NLD;Overijssel;Hof van Twente;Kerspel Goor;;;12;
3;NLD;Overijssel;Hof van Twente;Markelo;;;12;
3;NLD;Overijssel;Hof van Twente;Markelosebroek;;;12;
3;NLD;Overijssel;Hof van Twente;Markvelde;;;12;
3;NLD;Overijssel;Hof van Twente;Pothoek;;;12;
3;NLD;Overijssel;Hof van Twente;Stokkum;;;12;
3;NLD;Overijssel;Hof van Twente;Wiene;;;12;
3;NLD;Overijssel;Hof van Twente;Zeldam;;;12;
2;NLD;Overijssel;Kampen;;;;10;
3;NLD;Overijssel;Kampen;'s-Heerenbroek;;;12;
3;NLD;Overijssel;Kampen;Brunnepe;;;12;
3;NLD;Overijssel;Kampen;De Zande;;;12;
3;NLD;Overijssel;Kampen;Grafhorst;;;12;
3;NLD;Overijssel;Kampen;Hogeweg;;;12;
3;NLD;Overijssel;Kampen;IJsselmuiden;;;12;
3;NLD;Overijssel;Kampen;Kampen;;;12;
3;NLD;Overijssel;Kampen;Kampereiland;;;12;
3;NLD;Overijssel;Kampen;Kamperveen;;;12;
3;NLD;Overijssel;Kampen;Mastenbroek;;;12;
3;NLD;Overijssel;Kampen;Wilsum;;;12;
3;NLD;Overijssel;Kampen;Zalk;;;12;
2;NLD;Overijssel;Losser;;;;10;
3;NLD;Overijssel;Losser;Beuningen;;;12;
3;NLD;Overijssel;Losser;De Lutte;;;12;
3;NLD;Overijssel;Losser;De Poppe;;;12;
3;NLD;Overijssel;Losser;Glane;;;12;
3;NLD;Overijssel;Losser;Losser;;;12;
3;NLD;Overijssel;Losser;Overdinkel;;;12;
2;NLD;Overijssel;Oldenzaal;;;;10;
3;NLD;Overijssel;Oldenzaal;Oldenzaal;;;12;
2;NLD;Overijssel;Olst-Wijhe;;;;10;
3;NLD;Overijssel;Olst-Wijhe;Boerhaar;;;12;
3;NLD;Overijssel;Olst-Wijhe;Boskamp;;;12;
3;NLD;Overijssel;Olst-Wijhe;Den Nul;;;12;
3;NLD;Overijssel;Olst-Wijhe;Duur;;;12;
3;NLD;Overijssel;Olst-Wijhe;Eikelhof;;;12;
3;NLD;Overijssel;Olst-Wijhe;Elshof;;;12;
3;NLD;Overijssel;Olst-Wijhe;Fortmond;;;12;
3;NLD;Overijssel;Olst-Wijhe;Hengforden;;;12;
3;NLD;Overijssel;Olst-Wijhe;Herxen;;;12;
3;NLD;Overijssel;Olst-Wijhe;Marle;;;12;
3;NLD;Overijssel;Olst-Wijhe;Middel;;;12;
3;NLD;Overijssel;Olst-Wijhe;Olst;;;12;
3;NLD;Overijssel;Olst-Wijhe;Tongeren;;;12;
3;NLD;Overijssel;Olst-Wijhe;Wechterholt;;;12;
3;NLD;Overijssel;Olst-Wijhe;Welsum;;;12;
3;NLD;Overijssel;Olst-Wijhe;Wengelo;;;12;
3;NLD;Overijssel;Olst-Wijhe;Wesepe;;;12;
3;NLD;Overijssel;Olst-Wijhe;Wijhe;;;12;
3;NLD;Overijssel;Olst-Wijhe;Wijnvoorden;;;12;
2;NLD;Overijssel;Ommen;;;;10;
3;NLD;Overijssel;Ommen;Archem;;;12;
3;NLD;Overijssel;Ommen;Arriën;;;12;
3;NLD;Overijssel;Ommen;Arriërveld;;;12;
3;NLD;Overijssel;Ommen;Beerze;;;12;
3;NLD;Overijssel;Ommen;Beerzerhaar;;;12;
3;NLD;Overijssel;Ommen;Beerzerveld;;;12;
3;NLD;Overijssel;Ommen;Besthmen;;;12;
3;NLD;Overijssel;Ommen;Dalmsholte;;;12;
3;NLD;Overijssel;Ommen;Eerde;;;12;
3;NLD;Overijssel;Ommen;Giethmen;;;12;
3;NLD;Overijssel;Ommen;Hoogengraven;;;12;
3;NLD;Overijssel;Ommen;Junne;;;12;
3;NLD;Overijssel;Ommen;Kloosterdijk;;;12;
3;NLD;Overijssel;Ommen;Lemele;;;12;
3;NLD;Overijssel;Ommen;Ommen;E6.43577605440896;N52.5169249621616;12;
3;NLD;Overijssel;Ommen;Ommerschans;;;12;
3;NLD;Overijssel;Ommen;Stegeren;;;12;
3;NLD;Overijssel;Ommen;Stegerveld;;;12;
3;NLD;Overijssel;Ommen;Varsen;;;12;
3;NLD;Overijssel;Ommen;Vilsteren;;;12;
3;NLD;Overijssel;Ommen;Vinkenbuurt;;;12;
3;NLD;Overijssel;Ommen;Witharen;;;12;
3;NLD;Overijssel;Ommen;Zeesse;;;12;
2;NLD;Overijssel;Raalte;;;;10;
3;NLD;Overijssel;Raalte;Beumershoek;;;12;
3;NLD;Overijssel;Raalte;Boxbelterhoek;;;12;
3;NLD;Overijssel;Raalte;Broekland;;;12;
3;NLD;Overijssel;Raalte;Heeten;;;12;
3;NLD;Overijssel;Raalte;Heino;;;12;
3;NLD;Overijssel;Raalte;Laag Zuthem;;;12;
3;NLD;Overijssel;Raalte;Lierderholthuis;;;12;
3;NLD;Overijssel;Raalte;Luttenberg;;;12;
3;NLD;Overijssel;Raalte;Mariënheem;;;12;
3;NLD;Overijssel;Raalte;Nieuw-Heeten;;;12;
3;NLD;Overijssel;Raalte;Raalte;;;12;
3;NLD;Overijssel;Raalte;Schoonheeten;;;12;
3;NLD;Overijssel;Raalte;Spekhoek;;;12;
2;NLD;Overijssel;Rijssen-Holten;;;;10;
3;NLD;Overijssel;Rijssen-Holten;Beuseberg;;;12;
3;NLD;Overijssel;Rijssen-Holten;Borkeld;;;12;
3;NLD;Overijssel;Rijssen-Holten;Dijkerhoek;;;12;
3;NLD;Overijssel;Rijssen-Holten;Espelo;;;12;
3;NLD;Overijssel;Rijssen-Holten;Helhuizen;;;12;
3;NLD;Overijssel;Rijssen-Holten;Holten;;;12;
3;NLD;Overijssel;Rijssen-Holten;Holterberg;;;12;
3;NLD;Overijssel;Rijssen-Holten;Ligtenberg;;;12;
3;NLD;Overijssel;Rijssen-Holten;Look;;;12;
3;NLD;Overijssel;Rijssen-Holten;Neerdorp;;;12;
3;NLD;Overijssel;Rijssen-Holten;Rijssen;;;12;
2;NLD;Overijssel;Staphorst;;;;10;
3;NLD;Overijssel;Staphorst;De Leijen;;;12;
3;NLD;Overijssel;Staphorst;Den Hulst;;;12;
3;NLD;Overijssel;Staphorst;Halfweg;;;12;
3;NLD;Overijssel;Staphorst;Hamingen;;;12;
3;NLD;Overijssel;Staphorst;IJhorst;;;12;
3;NLD;Overijssel;Staphorst;Lankhorst;;;12;
3;NLD;Overijssel;Staphorst;Lichtmis;;;12;
3;NLD;Overijssel;Staphorst;Punthorst;;;12;
3;NLD;Overijssel;Staphorst;Rouveen;;;12;
3;NLD;Overijssel;Staphorst;Slingenberg;;;12;
3;NLD;Overijssel;Staphorst;Staphorst;;;12;
2;NLD;Overijssel;Steenwijkerland;;;;10;
3;NLD;Overijssel;Steenwijkerland;'t Haagje;;;12;
3;NLD;Overijssel;Steenwijkerland;Baarlo;;;12;
3;NLD;Overijssel;Steenwijkerland;Baars;;;12;
3;NLD;Overijssel;Steenwijkerland;Barsbeek;;;12;
3;NLD;Overijssel;Steenwijkerland;Basse;;;12;
3;NLD;Overijssel;Steenwijkerland;Belt-Schutsloot;;;12;
3;NLD;Overijssel;Steenwijkerland;Beukers;;;12;
3;NLD;Overijssel;Steenwijkerland;Blankenham;;;12;
3;NLD;Overijssel;Steenwijkerland;Blauwe Hand;;;12;
3;NLD;Overijssel;Steenwijkerland;Blokzijl;;;12;
3;NLD;Overijssel;Steenwijkerland;Cadoelen;;;12;
3;NLD;Overijssel;Steenwijkerland;De Bult;;;12;
3;NLD;Overijssel;Steenwijkerland;De Klosse;;;12;
3;NLD;Overijssel;Steenwijkerland;De Kolk;;;12;
3;NLD;Overijssel;Steenwijkerland;De Pol;;;12;
3;NLD;Overijssel;Steenwijkerland;Doosje;;;12;
3;NLD;Overijssel;Steenwijkerland;Dwarsgracht;;;12;
3;NLD;Overijssel;Steenwijkerland;Eese;;;12;
3;NLD;Overijssel;Steenwijkerland;Eesveen;;;12;
3;NLD;Overijssel;Steenwijkerland;Gelderingen;;;12;
3;NLD;Overijssel;Steenwijkerland;Giethoorn;;;12;
3;NLD;Overijssel;Steenwijkerland;Heetveld;;;12;
3;NLD;Overijssel;Steenwijkerland;IJsselham;;;12;
3;NLD;Overijssel;Steenwijkerland;Jonen;;;12;
3;NLD;Overijssel;Steenwijkerland;Kadoelen;;;12;
3;NLD;Overijssel;Steenwijkerland;Kalenberg;;;12;
3;NLD;Overijssel;Steenwijkerland;Kallenkote;;;12;
3;NLD;Overijssel;Steenwijkerland;Kerkbuurt;;;12;
3;NLD;Overijssel;Steenwijkerland;Kuinre;;;12;
3;NLD;Overijssel;Steenwijkerland;Leeuwte;;;12;
3;NLD;Overijssel;Steenwijkerland;Marijenkampen;;;12;
3;NLD;Overijssel;Steenwijkerland;Moespot;;;12;
3;NLD;Overijssel;Steenwijkerland;Molenhoek;;;12;
3;NLD;Overijssel;Steenwijkerland;Muggenbeet;;;12;
3;NLD;Overijssel;Steenwijkerland;NLD;;;12;
3;NLD;Overijssel;Steenwijkerland;Oldemarkt;E5.97544563689902;N52.8196867575008;12;
3;NLD;Overijssel;Steenwijkerland;Onna;;;12;
3;NLD;Overijssel;Steenwijkerland;Ossenzijl;;;12;
3;NLD;Overijssel;Steenwijkerland;Paasloo;;;12;
3;NLD;Overijssel;Steenwijkerland;Roekebosch;;;12;
3;NLD;Overijssel;Steenwijkerland;Ronduite;;;12;
3;NLD;Overijssel;Steenwijkerland;Scheerwolde;;;12;
3;NLD;Overijssel;Steenwijkerland;Sint Jansklooster;;;12;
3;NLD;Overijssel;Steenwijkerland;St Jansklooster;;;12;
3;NLD;Overijssel;Steenwijkerland;Steenwijk;E6.1155720903637;N52.7880254156032;12;
3;NLD;Overijssel;Steenwijkerland;Steenwijkerwold;;;12;
3;NLD;Overijssel;Steenwijkerland;Thij;;;12;
3;NLD;Overijssel;Steenwijkerland;Tuk;;;12;
3;NLD;Overijssel;Steenwijkerland;Vollenhove;;;12;
3;NLD;Overijssel;Steenwijkerland;Wanneperveen;;;12;
3;NLD;Overijssel;Steenwijkerland;Wetering;;;12;
3;NLD;Overijssel;Steenwijkerland;Willemsoord;;;12;
3;NLD;Overijssel;Steenwijkerland;Witte Paarden;;;12;
3;NLD;Overijssel;Steenwijkerland;Zuidveen;;;12;
2;NLD;Overijssel;Tubbergen;;;;10;
3;NLD;Overijssel;Tubbergen;Albergen;;;12;
3;NLD;Overijssel;Tubbergen;Fleringen;;;12;
3;NLD;Overijssel;Tubbergen;Geesteren;;;12;
3;NLD;Overijssel;Tubbergen;Haarle;;;12;
3;NLD;Overijssel;Tubbergen;Harbrinkhoek;;;12;
3;NLD;Overijssel;Tubbergen;Harbrinkhoek-Mariaparochie;;;12;
3;NLD;Overijssel;Tubbergen;Hezingen;;;12;
3;NLD;Overijssel;Tubbergen;Langeveen;;;12;
3;NLD;Overijssel;Tubbergen;Mander;;;12;
3;NLD;Overijssel;Tubbergen;Manderveen;;;12;
3;NLD;Overijssel;Tubbergen;Mariaparochie;;;12;
3;NLD;Overijssel;Tubbergen;Reutum;;;12;
3;NLD;Overijssel;Tubbergen;Tubbergen;;;12;
3;NLD;Overijssel;Tubbergen;Vasse;;;12;
2;NLD;Overijssel;Twenterand;;;;10;
3;NLD;Overijssel;Twenterand;Bruinehaar;;;12;
3;NLD;Overijssel;Twenterand;De Pollen;;;12;
3;NLD;Overijssel;Twenterand;Den Ham;;;12;
3;NLD;Overijssel;Twenterand;Geerdijk;;;12;
3;NLD;Overijssel;Twenterand;Kloosterhaar;;;12;
3;NLD;Overijssel;Twenterand;Vriezenveen;;;12;
3;NLD;Overijssel;Twenterand;Vriezenveensewijk;;;12;
3;NLD;Overijssel;Twenterand;Vroomshoop;;;12;
3;NLD;Overijssel;Twenterand;Weitemanslanden;;;12;
3;NLD;Overijssel;Twenterand;Westerhaar-Vriezenveensewijk;;;12;
3;NLD;Overijssel;Twenterand;Westerhoeven;;;12;
2;NLD;Overijssel;Wierden;;;;10;
3;NLD;Overijssel;Wierden;Enter;;;12;
3;NLD;Overijssel;Wierden;Hoge Hexel;;;12;
3;NLD;Overijssel;Wierden;IJpelo;;;12;
3;NLD;Overijssel;Wierden;Notter;;;12;
3;NLD;Overijssel;Wierden;Rectum;;;12;
3;NLD;Overijssel;Wierden;Wierden;;;12;
3;NLD;Overijssel;Wierden;Ypelo (Enter);;;12;
3;NLD;Overijssel;Wierden;Ypelo (Wierden);;;12;
3;NLD;Overijssel;Wierden;Zuna;;;12;
2;NLD;Overijssel;Zwartewaterland;;;;10;
3;NLD;Overijssel;Zwartewaterland;Baarlo;;;12;
3;NLD;Overijssel;Zwartewaterland;Cellemuiden;;;12;
3;NLD;Overijssel;Zwartewaterland;De Velde;;;12;
3;NLD;Overijssel;Zwartewaterland;Genemuiden;;;12;
3;NLD;Overijssel;Zwartewaterland;Hasselt;;;12;
3;NLD;Overijssel;Zwartewaterland;Kamperzeedijk;;;12;
3;NLD;Overijssel;Zwartewaterland;Kamperzeedijk-Oost;;;12;
3;NLD;Overijssel;Zwartewaterland;Kamperzeedijk-West;;;12;
3;NLD;Overijssel;Zwartewaterland;Kievitsnest;;;12;
3;NLD;Overijssel;Zwartewaterland;Mastenbroek;;;12;
3;NLD;Overijssel;Zwartewaterland;Zwartewatersklooster;;;12;
3;NLD;Overijssel;Zwartewaterland;Zwartsluis;;;12;
2;NLD;Overijssel;Zwolle;;;;10;
3;NLD;Overijssel;Zwolle;Berkum;;;12;
3;NLD;Overijssel;Zwolle;Berkum Brinkhoek;;;12;
3;NLD;Overijssel;Zwolle;Berkum Poepershoek;;;12;
3;NLD;Overijssel;Zwolle;Berkum Veldhoek;;;12;
3;NLD;Overijssel;Zwolle;Brinkhoek;;;12;
3;NLD;Overijssel;Zwolle;Frankhuis;;;12;
3;NLD;Overijssel;Zwolle;Haerst;;;12;
3;NLD;Overijssel;Zwolle;Harculo;;;12;
3;NLD;Overijssel;Zwolle;Herfte;;;12;
3;NLD;Overijssel;Zwolle;Hoog Zuthem;;;12;
3;NLD;Overijssel;Zwolle;Ittersum;;;12;
3;NLD;Overijssel;Zwolle;Katerveer;;;12;
3;NLD;Overijssel;Zwolle;Langenholte;;;12;
3;NLD;Overijssel;Zwolle;Mastenbroek;;;12;
3;NLD;Overijssel;Zwolle;Oldeneel;;;12;
3;NLD;Overijssel;Zwolle;Schelle;;;12;
3;NLD;Overijssel;Zwolle;Spoolde;;;12;
3;NLD;Overijssel;Zwolle;Westenholte;;;12;
3;NLD;Overijssel;Zwolle;Wijthmen;;;12;
3;NLD;Overijssel;Zwolle;Windesheim;;;12;
3;NLD;Overijssel;Zwolle;Zalné;;;12;
3;NLD;Overijssel;Zwolle;Zwolle;E6.08850960021164;N52.5123760561744;12;
1;NLD;Unknown;;;;;7;
2;NLD;Unknown;Noordzee ter hoogte van Friesche Gat;;;;10;
1;NLD;Utrecht;;;;;7;places/NLD/flags/UT.gif
2;NLD;Utrecht;Abcoude;;;;10;
3;NLD;Utrecht;Abcoude;Abcoude;;;12;
3;NLD;Utrecht;Abcoude;Baambrugge;;;12;
2;NLD;Utrecht;Amersfoort;;;;10;
3;NLD;Utrecht;Amersfoort;Amersfoort;E5.38701630216595;N52.1524797284281;12;
3;NLD;Utrecht;Amersfoort;Coelhorst;;;12;
3;NLD;Utrecht;Amersfoort;Hoogland;;;12;
3;NLD;Utrecht;Amersfoort;Hooglanderveen;;;12;
2;NLD;Utrecht;Baarn;;;;10;
3;NLD;Utrecht;Baarn;Baarn;;;12;
3;NLD;Utrecht;Baarn;Eembrugge;;;12;
3;NLD;Utrecht;Baarn;Lage Vuursche;;;12;
3;NLD;Utrecht;Baarn;Soestdijk;;;12;
2;NLD;Utrecht;Breukelen;;;;10;
3;NLD;Utrecht;Breukelen;Breukelen;E4.998435974121094;N52.17477387796151;12;
3;NLD;Utrecht;Breukelen;Geer;;;12;
3;NLD;Utrecht;Breukelen;Gieltjesdorp;;;12;
3;NLD;Utrecht;Breukelen;Kockengen;;;12;
3;NLD;Utrecht;Breukelen;Kortrijk;;;12;
3;NLD;Utrecht;Breukelen;Laagnieuwkoop;;;12;
3;NLD;Utrecht;Breukelen;Nieuwer ter Aa;;;12;
3;NLD;Utrecht;Breukelen;Nieuwer-Ter-Aa;;;12;
3;NLD;Utrecht;Breukelen;Oud Aa;;;12;
3;NLD;Utrecht;Breukelen;Oukoop;;;12;
3;NLD;Utrecht;Breukelen;Portengen;;;12;
3;NLD;Utrecht;Breukelen;Portengense Brug;;;12;
3;NLD;Utrecht;Breukelen;Scheendijk;;;12;
3;NLD;Utrecht;Breukelen;Spengen;;;12;
2;NLD;Utrecht;Bunnik;;;;10;
3;NLD;Utrecht;Bunnik;Bunnik;;;12;
3;NLD;Utrecht;Bunnik;Odijk;;;12;
3;NLD;Utrecht;Bunnik;Werkhoven;;;12;
2;NLD;Utrecht;Bunschoten;;;;10;
3;NLD;Utrecht;Bunschoten;Bunschoten;;;12;
3;NLD;Utrecht;Bunschoten;Bunschoten-Spakenburg;;;12;
3;NLD;Utrecht;Bunschoten;Eemdijk;;;12;
3;NLD;Utrecht;Bunschoten;Spakenburg;;;12;
3;NLD;Utrecht;Bunschoten;Zevenhuizen;;;12;
2;NLD;Utrecht;De Bilt;;;;10;
3;NLD;Utrecht;De Bilt;Achttienhoven;;;12;
3;NLD;Utrecht;De Bilt;Bilthoven;E5.20659600146642;N52.1317705948646;12;
3;NLD;Utrecht;De Bilt;Blauwkapel;;;12;
3;NLD;Utrecht;De Bilt;de Bilt;E5.179452896118164;N52.10961537535959;12;
3;NLD;Utrecht;De Bilt;Groenekan;;;12;
3;NLD;Utrecht;De Bilt;Hollandsche Rading;;;12;
3;NLD;Utrecht;De Bilt;Maartensdijk;;;12;
3;NLD;Utrecht;De Bilt;Westbroek;;;12;
2;NLD;Utrecht;De Ronde Venen;;;;10;
3;NLD;Utrecht;De Ronde Venen;Aan de Zuwe;;;12;
3;NLD;Utrecht;De Ronde Venen;Amstelhoek;;;12;
3;NLD;Utrecht;De Ronde Venen;De Hoef;;;12;
3;NLD;Utrecht;De Ronde Venen;Mijdrecht;;;12;
3;NLD;Utrecht;De Ronde Venen;Nessersluis;;;12;
3;NLD;Utrecht;De Ronde Venen;Vinkeveen;;;12;
3;NLD;Utrecht;De Ronde Venen;Waverveen;;;12;
3;NLD;Utrecht;De Ronde Venen;Wilnis;;;12;
2;NLD;Utrecht;Eemnes;;;;10;
3;NLD;Utrecht;Eemnes;Eemnes;;;12;
2;NLD;Utrecht;Houten;;;;10;
3;NLD;Utrecht;Houten;'t Goy;;;12;
3;NLD;Utrecht;Houten;Houten;;;12;
3;NLD;Utrecht;Houten;Schalkwijk;;;12;
3;NLD;Utrecht;Houten;Tull en 't Waal;;;12;
2;NLD;Utrecht;IJsselstein;;;;10;
3;NLD;Utrecht;IJsselstein;Achthoven;;;12;
3;NLD;Utrecht;IJsselstein;IJsselstein;;;12;
2;NLD;Utrecht;Leusden;;;;10;
3;NLD;Utrecht;Leusden;Achterveld;;;12;
3;NLD;Utrecht;Leusden;Leusden;;;12;
3;NLD;Utrecht;Leusden;Leusden-Zuid;;;12;
3;NLD;Utrecht;Leusden;Stoutenburg;;;12;
2;NLD;Utrecht;Loenen;;;;10;
3;NLD;Utrecht;Loenen;Loenen aan de Vecht;;;12;
3;NLD;Utrecht;Loenen;Loenersloot;;;12;
3;NLD;Utrecht;Loenen;Nieuwersluis;;;12;
3;NLD;Utrecht;Loenen;Nigtevecht;;;12;
3;NLD;Utrecht;Loenen;Vreeland;;;12;
2;NLD;Utrecht;Lopik;;;;10;
3;NLD;Utrecht;Lopik;Benschop;;;12;
3;NLD;Utrecht;Lopik;Cabauw;;;12;
3;NLD;Utrecht;Lopik;Jaarsveld;;;12;
3;NLD;Utrecht;Lopik;Lopik;;;12;
3;NLD;Utrecht;Lopik;Lopikerkapel;;;12;
3;NLD;Utrecht;Lopik;Polsbroek;;;12;
3;NLD;Utrecht;Lopik;Polsbroekerdam;;;12;
3;NLD;Utrecht;Lopik;Uitweg;;;12;
3;NLD;Utrecht;Lopik;Willige Langerak;;;12;
2;NLD;Utrecht;Maarssen;;;;10;
3;NLD;Utrecht;Maarssen;Maarssen;;;12;
3;NLD;Utrecht;Maarssen;Maarssenbroek;;;12;
3;NLD;Utrecht;Maarssen;Molenpolder;;;12;
3;NLD;Utrecht;Maarssen;Oud-Maarsseveen;;;12;
3;NLD;Utrecht;Maarssen;Oud-Zuilen;;;12;
3;NLD;Utrecht;Maarssen;Tienhoven;;;12;
2;NLD;Utrecht;Montfoort;;;;10;
3;NLD;Utrecht;Montfoort;Achthoven;;;12;
3;NLD;Utrecht;Montfoort;Heeswijk;;;12;
3;NLD;Utrecht;Montfoort;Linschoten;;;12;
3;NLD;Utrecht;Montfoort;Montfoort;;;12;
3;NLD;Utrecht;Montfoort;Willeskop;;;12;
2;NLD;Utrecht;Nieuwegein;;;;10;
3;NLD;Utrecht;Nieuwegein;Jutphaas;;;12;
3;NLD;Utrecht;Nieuwegein;Nieuwegein;E5.08219136281063;N52.0273028515092;12;
3;NLD;Utrecht;Nieuwegein;Vreeswijk;;;12;
2;NLD;Utrecht;Oudewater;;;;10;
3;NLD;Utrecht;Oudewater;Hekendorp;;;12;
3;NLD;Utrecht;Oudewater;Oudewater;;;12;
3;NLD;Utrecht;Oudewater;Papekop;;;12;
3;NLD;Utrecht;Oudewater;Snelrewaard;;;12;
2;NLD;Utrecht;Renswoude;;;;10;
3;NLD;Utrecht;Renswoude;Renswoude;;;12;
2;NLD;Utrecht;Rhenen;;;;10;
3;NLD;Utrecht;Rhenen;Achterberg;;;12;
3;NLD;Utrecht;Rhenen;Elst;;;12;
3;NLD;Utrecht;Rhenen;Remmerden;;;12;
3;NLD;Utrecht;Rhenen;Rhenen;;;12;
2;NLD;Utrecht;Soest;;;;10;
3;NLD;Utrecht;Soest;Soest;;;12;
3;NLD;Utrecht;Soest;Soestdijk;;;12;
3;NLD;Utrecht;Soest;Soestduinen;;;12;
3;NLD;Utrecht;Soest;Soesterberg;;;12;
2;NLD;Utrecht;Utrecht;;;;10;
3;NLD;Utrecht;Utrecht;Blauwkapel;;;12;
3;NLD;Utrecht;Utrecht;De Meern;;;12;
3;NLD;Utrecht;Utrecht;Haarzuilens;;;12;
3;NLD;Utrecht;Utrecht;Utrecht;E5.11544029680343;N52.0889043276336;12;
3;NLD;Utrecht;Utrecht;Vleuten;;;12;
2;NLD;Utrecht;Utrechtse Heuvelrug;;;;10;
3;NLD;Utrecht;Utrechtse Heuvelrug;Amerongen;E5.459175109863281;N52.00263774475872;12;
3;NLD;Utrecht;Utrechtse Heuvelrug;Darthuizen;;;12;
3;NLD;Utrecht;Utrechtse Heuvelrug;Doorn;;;12;
3;NLD;Utrecht;Utrechtse Heuvelrug;Driebergen;E5.28331738197906;N52.0499824946483;12;
3;NLD;Utrecht;Utrechtse Heuvelrug;Driebergen-Rijsenburg;;;12;
3;NLD;Utrecht;Utrechtse Heuvelrug;Elst;;;12;
3;NLD;Utrecht;Utrechtse Heuvelrug;Leersum;;;12;
3;NLD;Utrecht;Utrechtse Heuvelrug;Maarn;;;12;
3;NLD;Utrecht;Utrechtse Heuvelrug;Maarsbergen;;;12;
3;NLD;Utrecht;Utrechtse Heuvelrug;Overberg;;;12;
3;NLD;Utrecht;Utrechtse Heuvelrug;Palmstad;;;12;
2;NLD;Utrecht;Veenendaal;;;;10;
3;NLD;Utrecht;Veenendaal;Veenendaal;E5.5530035593756;N52.0230886247913;12;
2;NLD;Utrecht;Vianen;;;;10;
3;NLD;Utrecht;Vianen;Everdingen;;;12;
3;NLD;Utrecht;Vianen;Hagestein;;;12;
3;NLD;Utrecht;Vianen;Ossenwaard;;;12;
3;NLD;Utrecht;Vianen;Vianen;;;12;
3;NLD;Utrecht;Vianen;Zijderveld;;;12;
2;NLD;Utrecht;Wijk bij Duurstede;;;;10;
3;NLD;Utrecht;Wijk bij Duurstede;Cothen;;;12;
3;NLD;Utrecht;Wijk bij Duurstede;Langbroek;;;12;
3;NLD;Utrecht;Wijk bij Duurstede;Wijk bij Duurstede;E51.9892382072647;N5.32498623167119;12;
2;NLD;Utrecht;Woerden;;E4.88733759173439;N52.0850350254688;10;
3;NLD;Utrecht;Woerden;Barwoutswaarder;;;12;
3;NLD;Utrecht;Woerden;De Meye;;;12;
3;NLD;Utrecht;Woerden;Harmelen;;;12;
3;NLD;Utrecht;Woerden;Kamerik;;;12;
3;NLD;Utrecht;Woerden;Kanis;;;12;
3;NLD;Utrecht;Woerden;Woerden;;;12;
3;NLD;Utrecht;Woerden;Zegveld;;;12;
2;NLD;Utrecht;Woudenberg;;;;10;
3;NLD;Utrecht;Woudenberg;Woudenberg;;;12;
2;NLD;Utrecht;Zeist;;;;10;
3;NLD;Utrecht;Zeist;Austerlitz;;;12;
3;NLD;Utrecht;Zeist;Bosch en Duin;;;12;
3;NLD;Utrecht;Zeist;Den Dolder;;;12;
3;NLD;Utrecht;Zeist;Huis ter Heide;;;12;
3;NLD;Utrecht;Zeist;Zeist;;;12;
1;NLD;Zeeland;;;;;7;places/NLD/flags/ZL.gif
2;NLD;Zeeland;Borsele;;;;10;
3;NLD;Zeeland;Borsele;'s-Gravenpolder;;;12;
3;NLD;Zeeland;Borsele;'s-Heer Abtskerke;;;12;
3;NLD;Zeeland;Borsele;'s-Heerenhoek;;;12;
3;NLD;Zeeland;Borsele;Baarland;;;12;
3;NLD;Zeeland;Borsele;Baarsdorp;;;12;
3;NLD;Zeeland;Borsele;Bakendorp;;;12;
3;NLD;Zeeland;Borsele;Borssele;;;12;
3;NLD;Zeeland;Borsele;Coudorpe;;;12;
3;NLD;Zeeland;Borsele;Driewegen;;;12;
3;NLD;Zeeland;Borsele;Ellewoutsdijk;;;12;
3;NLD;Zeeland;Borsele;Heinkenszand;;;12;
3;NLD;Zeeland;Borsele;Hoedekenskerke;;;12;
3;NLD;Zeeland;Borsele;Kwadendamme;;;12;
3;NLD;Zeeland;Borsele;Lewedorp;;;12;
3;NLD;Zeeland;Borsele;Nieuwdorp;;;12;
3;NLD;Zeeland;Borsele;Nisse;;;12;
3;NLD;Zeeland;Borsele;Oudelande;;;12;
3;NLD;Zeeland;Borsele;Ovezande;;;12;
2;NLD;Zeeland;Goes;;;;10;
3;NLD;Zeeland;Goes;'s-Heer Arendskerke;;;12;
3;NLD;Zeeland;Goes;'s-Heer Hendrikskinderen;;;12;
3;NLD;Zeeland;Goes;Goes;;;12;
3;NLD;Zeeland;Goes;Kattendijke;;;12;
3;NLD;Zeeland;Goes;Kloetinge;;;12;
3;NLD;Zeeland;Goes;Oud Sabbinge;;;12;
3;NLD;Zeeland;Goes;Oud-Sabbinge;;;12;
3;NLD;Zeeland;Goes;Wilhelminadorp;;;12;
3;NLD;Zeeland;Goes;Wolphaartsdijk;;;12;
2;NLD;Zeeland;Hulst;;;;10;
3;NLD;Zeeland;Hulst;Absdale;;;12;
3;NLD;Zeeland;Hulst;Boschkapelle;;;12;
3;NLD;Zeeland;Hulst;Clinge;;;12;
3;NLD;Zeeland;Hulst;Graauw;;;12;
3;NLD;Zeeland;Hulst;Heikant;;;12;
3;NLD;Zeeland;Hulst;Hengstdijk;;;12;
3;NLD;Zeeland;Hulst;Hulst;;;12;
3;NLD;Zeeland;Hulst;Kapellebrug;;;12;
3;NLD;Zeeland;Hulst;Kloosterzande;;;12;
3;NLD;Zeeland;Hulst;Kuitaart;;;12;
3;NLD;Zeeland;Hulst;Lamswaarde;;;12;
3;NLD;Zeeland;Hulst;Nieuw-Namen;;;12;
3;NLD;Zeeland;Hulst;Ossenisse;;;12;
3;NLD;Zeeland;Hulst;Paal;;;12;
3;NLD;Zeeland;Hulst;Sint Jansteen;;;12;
3;NLD;Zeeland;Hulst;St Jansteen;;;12;
3;NLD;Zeeland;Hulst;Ter Hole;;;12;
3;NLD;Zeeland;Hulst;Terhole;;;12;
3;NLD;Zeeland;Hulst;Vogelwaarde;;;12;
3;NLD;Zeeland;Hulst;Walsoorden;;;12;
3;NLD;Zeeland;Hulst;Zandberg;;;12;
2;NLD;Zeeland;Kapelle;;;;10;
3;NLD;Zeeland;Kapelle;Biezelinge;;;12;
3;NLD;Zeeland;Kapelle;Biezelingseham;;;12;
3;NLD;Zeeland;Kapelle;Kapelle;;;12;
3;NLD;Zeeland;Kapelle;Kloetinge;;;12;
3;NLD;Zeeland;Kapelle;Schore;;;12;
3;NLD;Zeeland;Kapelle;Wemeldinge;;;12;
2;NLD;Zeeland;Middelburg;;;;10;
3;NLD;Zeeland;Middelburg;Arnemuiden;;;12;
3;NLD;Zeeland;Middelburg;Brigdamme;;;12;
3;NLD;Zeeland;Middelburg;Kleverskerke;;;12;
3;NLD;Zeeland;Middelburg;Middelburg;E3.6141586303710937;N51.49805708407405;12;
3;NLD;Zeeland;Middelburg;Nieuw en St Joosland;;;12;
3;NLD;Zeeland;Middelburg;Nieuw- en Sint Joosland;;;12;
3;NLD;Zeeland;Middelburg;Sint Laurens;;;12;
3;NLD;Zeeland;Middelburg;St Laurens;;;12;
2;NLD;Zeeland;Noord-Beveland;;;;10;
3;NLD;Zeeland;Noord-Beveland;Colijnsplaat;;;12;
3;NLD;Zeeland;Noord-Beveland;Geersdijk;;;12;
3;NLD;Zeeland;Noord-Beveland;Kamperland;;;12;
3;NLD;Zeeland;Noord-Beveland;Kats;;;12;
3;NLD;Zeeland;Noord-Beveland;Kortgene;;;12;
3;NLD;Zeeland;Noord-Beveland;Wissenkerke;E3.7466812133789062;N51.58346994141449;12;
2;NLD;Zeeland;Reimerswaal;;;;10;
3;NLD;Zeeland;Reimerswaal;Bath;;;12;
3;NLD;Zeeland;Reimerswaal;Hansweert;;;12;
3;NLD;Zeeland;Reimerswaal;Krabbendijke;;;12;
3;NLD;Zeeland;Reimerswaal;Kruiningen;;;12;
3;NLD;Zeeland;Reimerswaal;Oostdijk;;;12;
3;NLD;Zeeland;Reimerswaal;Rilland;;;12;
3;NLD;Zeeland;Reimerswaal;Waarde;;;12;
3;NLD;Zeeland;Reimerswaal;Yerseke;;;12;
2;NLD;Zeeland;Schouwen-Duiveland;;;;10;
3;NLD;Zeeland;Schouwen-Duiveland;Brijdorpe;;;12;
3;NLD;Zeeland;Schouwen-Duiveland;Brouwershaven;;;12;
3;NLD;Zeeland;Schouwen-Duiveland;Bruinisse;;;12;
3;NLD;Zeeland;Schouwen-Duiveland;Burgh;;;12;
3;NLD;Zeeland;Schouwen-Duiveland;Burgh-Haamstede;;;12;
3;NLD;Zeeland;Schouwen-Duiveland;Burghsluis;;;12;
3;NLD;Zeeland;Schouwen-Duiveland;Capelle Duiveland;;;12;
3;NLD;Zeeland;Schouwen-Duiveland;Dreischor;;;12;
3;NLD;Zeeland;Schouwen-Duiveland;Elkerzee;;;12;
3;NLD;Zeeland;Schouwen-Duiveland;Ellemeet;;;12;
3;NLD;Zeeland;Schouwen-Duiveland;Haamstede;;;12;
3;NLD;Zeeland;Schouwen-Duiveland;Kerkwerve;;;12;
3;NLD;Zeeland;Schouwen-Duiveland;Looperskapelle;;;12;
3;NLD;Zeeland;Schouwen-Duiveland;Moriaanshoofd;;;12;
3;NLD;Zeeland;Schouwen-Duiveland;Nieuwerkerk;;;12;
3;NLD;Zeeland;Schouwen-Duiveland;Nieuwerkerke;;;12;
3;NLD;Zeeland;Schouwen-Duiveland;Noordgouwe;;;12;
3;NLD;Zeeland;Schouwen-Duiveland;Noordwelle;;;12;
3;NLD;Zeeland;Schouwen-Duiveland;Oosterland;;;12;
3;NLD;Zeeland;Schouwen-Duiveland;Ouwerkerk;;;12;
3;NLD;Zeeland;Schouwen-Duiveland;Renesse;;;12;
3;NLD;Zeeland;Schouwen-Duiveland;Scharendijke;;;12;
3;NLD;Zeeland;Schouwen-Duiveland;Schuddebeurs;;;12;
3;NLD;Zeeland;Schouwen-Duiveland;Schuddebeurs Schouwen;;;12;
3;NLD;Zeeland;Schouwen-Duiveland;Serooskerke;;;12;
3;NLD;Zeeland;Schouwen-Duiveland;Sirjansland;;;12;
3;NLD;Zeeland;Schouwen-Duiveland;Westenschouwen;;;12;
3;NLD;Zeeland;Schouwen-Duiveland;Zierikzee;;;12;
3;NLD;Zeeland;Schouwen-Duiveland;Zonnemaire;;;12;
2;NLD;Zeeland;Sluis;;;;10;
3;NLD;Zeeland;Sluis;Aardenburg;;;12;
3;NLD;Zeeland;Sluis;Biervliet;;;12;
3;NLD;Zeeland;Sluis;Breskens;;;12;
3;NLD;Zeeland;Sluis;Cadzand;;;12;
3;NLD;Zeeland;Sluis;Draaibrug;;;12;
3;NLD;Zeeland;Sluis;Eede;;;12;
3;NLD;Zeeland;Sluis;Groede;;;12;
3;NLD;Zeeland;Sluis;Heille;;;12;
3;NLD;Zeeland;Sluis;Hoofdplaat;;;12;
3;NLD;Zeeland;Sluis;IJzendijke;;;12;
3;NLD;Zeeland;Sluis;Kruisdijk;;;12;
3;NLD;Zeeland;Sluis;Nieuwvliet;;;12;
3;NLD;Zeeland;Sluis;Oostburg;;;12;
3;NLD;Zeeland;Sluis;Retranchement;;;12;
3;NLD;Zeeland;Sluis;Sasput;;;12;
3;NLD;Zeeland;Sluis;Schoondijke;;;12;
3;NLD;Zeeland;Sluis;Sint Anna ter Muiden;;;12;
3;NLD;Zeeland;Sluis;Sint Kruis;;;12;
3;NLD;Zeeland;Sluis;Sluis;;;12;
3;NLD;Zeeland;Sluis;St Anna ter Muiden;;;12;
3;NLD;Zeeland;Sluis;St Kruis;;;12;
3;NLD;Zeeland;Sluis;Terhofstede;;;12;
3;NLD;Zeeland;Sluis;Waterlandkerkje;;;12;
3;NLD;Zeeland;Sluis;Zuidzande;;;12;
3;NLD;Zeeland;Sluis;Zwindorp;;;12;
2;NLD;Zeeland;Terneuzen;;;;10;
3;NLD;Zeeland;Terneuzen;Axel;;;12;
3;NLD;Zeeland;Terneuzen;Biervliet;;;12;
3;NLD;Zeeland;Terneuzen;Bouchauterhaven;;;12;
3;NLD;Zeeland;Terneuzen;Driewegen;;;12;
3;NLD;Zeeland;Terneuzen;Hoek;;;12;
3;NLD;Zeeland;Terneuzen;Kijkuit;;;12;
3;NLD;Zeeland;Terneuzen;Koewacht;;;12;
3;NLD;Zeeland;Terneuzen;Othene;;;12;
3;NLD;Zeeland;Terneuzen;Overslag;;;12;
3;NLD;Zeeland;Terneuzen;Philippine;;;12;
3;NLD;Zeeland;Terneuzen;Sas van Gent;;;12;
3;NLD;Zeeland;Terneuzen;Sluiskil;;;12;
3;NLD;Zeeland;Terneuzen;Spui;;;12;
3;NLD;Zeeland;Terneuzen;Terneuzen;;;12;
3;NLD;Zeeland;Terneuzen;Westdorpe;;;12;
3;NLD;Zeeland;Terneuzen;Zaamslag;;;12;
3;NLD;Zeeland;Terneuzen;Zandstraat;;;12;
3;NLD;Zeeland;Terneuzen;Zuiddorpe;;;12;
2;NLD;Zeeland;Tholen;;;;10;
3;NLD;Zeeland;Tholen;Anna Jacobapolder;;;12;
3;NLD;Zeeland;Tholen;Botshoofd;;;12;
3;NLD;Zeeland;Tholen;De Sluis;;;12;
3;NLD;Zeeland;Tholen;Oud-Vossemeer;;;12;
3;NLD;Zeeland;Tholen;Poortvliet;;;12;
3;NLD;Zeeland;Tholen;Scherpenisse;;;12;
3;NLD;Zeeland;Tholen;Sint Annaland;;;12;
3;NLD;Zeeland;Tholen;Sint Maartensdijk;;;12;
3;NLD;Zeeland;Tholen;Sint Philipsland;;;12;
3;NLD;Zeeland;Tholen;St Annaland;;;12;
3;NLD;Zeeland;Tholen;St Maartensdijk;;;12;
3;NLD;Zeeland;Tholen;Stavenisse;;;12;
3;NLD;Zeeland;Tholen;Tholen;;;12;
2;NLD;Zeeland;Veere;;;;10;
3;NLD;Zeeland;Veere;Aagtekerke;;;12;
3;NLD;Zeeland;Veere;Biggekerke;;;12;
3;NLD;Zeeland;Veere;Buttinge;;;12;
3;NLD;Zeeland;Veere;Dishoek;;;12;
3;NLD;Zeeland;Veere;Domburg;;;12;
3;NLD;Zeeland;Veere;Gapinge;;;12;
3;NLD;Zeeland;Veere;Grijpskerke;;;12;
3;NLD;Zeeland;Veere;Koudekerke;;;12;
3;NLD;Zeeland;Veere;Mariekerke;;;12;
3;NLD;Zeeland;Veere;Meliskerke;;;12;
3;NLD;Zeeland;Veere;Oostkapelle;;;12;
3;NLD;Zeeland;Veere;Serooskerke;;;12;
3;NLD;Zeeland;Veere;Valkenisse;;;12;
3;NLD;Zeeland;Veere;Veere;;;12;
3;NLD;Zeeland;Veere;Vrouwenpolder;;;12;
3;NLD;Zeeland;Veere;Westkapelle;;;12;
3;NLD;Zeeland;Veere;Zoutelande;;;12;
2;NLD;Zeeland;Vlissingen;;;;10;
3;NLD;Zeeland;Vlissingen;Oost-Souburg;;;12;
3;NLD;Zeeland;Vlissingen;Ritthem;;;12;
3;NLD;Zeeland;Vlissingen;Vlissingen;;;12;
3;NLD;Zeeland;Vlissingen;West-Souburg;;;12;
1;NLD;Zuid Holland;;;;;7;places/NLD/flags/ZH.gif
2;NLD;Zuid Holland;'s-Gravendeel;;;;10;
3;NLD;Zuid Holland;'s-Gravendeel;'s-Gravendeel;;;12;
3;NLD;Zuid Holland;'s-Gravendeel;De Wacht;;;12;
3;NLD;Zuid Holland;'s-Gravendeel;Schenkeldijk;;;12;
2;NLD;Zuid Holland;Alblasserdam;;;;10;
3;NLD;Zuid Holland;Alblasserdam;Alblasserdam;;;12;
2;NLD;Zuid Holland;Albrandswaard;;;;10;
3;NLD;Zuid Holland;Albrandswaard;Poortugaal;;;12;
3;NLD;Zuid Holland;Albrandswaard;Rhoon;;;12;
3;NLD;Zuid Holland;Albrandswaard;Rotterdam Albrands;;;12;
2;NLD;Zuid Holland;Alkemade;;;;10;
3;NLD;Zuid Holland;Alkemade;De Kaag (plassengebied);;;12;
3;NLD;Zuid Holland;Alkemade;Kaag;;;12;
3;NLD;Zuid Holland;Alkemade;Nieuwe Wetering;;;12;
3;NLD;Zuid Holland;Alkemade;Oud Ade;;;12;
3;NLD;Zuid Holland;Alkemade;Oude Wetering;;;12;
3;NLD;Zuid Holland;Alkemade;Rijpwetering;;;12;
3;NLD;Zuid Holland;Alkemade;Roelofarendsveen;;;12;
2;NLD;Zuid Holland;Alphen aan den Rijn;;;;10;
3;NLD;Zuid Holland;Alphen aan den Rijn;Aarlanderveen;;;12;
3;NLD;Zuid Holland;Alphen aan den Rijn;Alphen aan den Rijn;;;12;
3;NLD;Zuid Holland;Alphen aan den Rijn;Zwammerdam;;;12;
2;NLD;Zuid Holland;Barendrecht;;;;10;
3;NLD;Zuid Holland;Barendrecht;Barendrecht;;;12;
3;NLD;Zuid Holland;Barendrecht;Carnisse;;;12;
3;NLD;Zuid Holland;Barendrecht;Smitshoek;;;12;
2;NLD;Zuid Holland;Bergambacht;;;;10;
3;NLD;Zuid Holland;Bergambacht;Achterbroek;;;12;
3;NLD;Zuid Holland;Bergambacht;Ammerstol;;;12;
3;NLD;Zuid Holland;Bergambacht;Benedenberg;;;12;
3;NLD;Zuid Holland;Bergambacht;Bergambacht;;;12;
3;NLD;Zuid Holland;Bergambacht;Bergstoep;;;12;
3;NLD;Zuid Holland;Bergambacht;Berkenwoude;;;12;
2;NLD;Zuid Holland;Bergschenhoek;;;;10;
3;NLD;Zuid Holland;Bergschenhoek;Bergschenhoek;;;12;
3;NLD;Zuid Holland;Bergschenhoek;De Rotte;;;12;
2;NLD;Zuid Holland;Berkel en Rodenrijs;;;;10;
3;NLD;Zuid Holland;Berkel en Rodenrijs;Berkel en Rodenrijs;;;12;
2;NLD;Zuid Holland;Bernisse;;;;10;
3;NLD;Zuid Holland;Bernisse;Abbenbroek;;;12;
3;NLD;Zuid Holland;Bernisse;Biert;;;12;
3;NLD;Zuid Holland;Bernisse;Geervliet;;;12;
3;NLD;Zuid Holland;Bernisse;Heenvliet;;;12;
3;NLD;Zuid Holland;Bernisse;Oudenhoorn;;;12;
3;NLD;Zuid Holland;Bernisse;Simonshaven;;;12;
3;NLD;Zuid Holland;Bernisse;Zuidland;;;12;
2;NLD;Zuid Holland;Binnenmaas;;;;10;
3;NLD;Zuid Holland;Binnenmaas;Blaakschendijk;;;12;
3;NLD;Zuid Holland;Binnenmaas;Blaaksedijk;;;12;
3;NLD;Zuid Holland;Binnenmaas;Cillaarshoek;;;12;
3;NLD;Zuid Holland;Binnenmaas;Goidschalxoord;;;12;
3;NLD;Zuid Holland;Binnenmaas;Greup;;;12;
3;NLD;Zuid Holland;Binnenmaas;Heinenoord;E4.47812601752012;N51.8254400256841;12;
3;NLD;Zuid Holland;Binnenmaas;Kuipersveer;;;12;
3;NLD;Zuid Holland;Binnenmaas;Maasdam;;;12;
3;NLD;Zuid Holland;Binnenmaas;Mijnsheerenland;;;12;
3;NLD;Zuid Holland;Binnenmaas;Puttershoek;;;12;
3;NLD;Zuid Holland;Binnenmaas;Sint Anthoniepolder;;;12;
3;NLD;Zuid Holland;Binnenmaas;Westmaas;;;12;
2;NLD;Zuid Holland;Bleiswijk;;;;10;
3;NLD;Zuid Holland;Bleiswijk;Bleiswijk;;;12;
3;NLD;Zuid Holland;Bleiswijk;Kruisweg;;;12;
2;NLD;Zuid Holland;Bodegraven;;;;10;
3;NLD;Zuid Holland;Bodegraven;Bodegraven;;;12;
3;NLD;Zuid Holland;Bodegraven;Meije;;;12;
3;NLD;Zuid Holland;Bodegraven;Nieuwerbrug;;;12;
3;NLD;Zuid Holland;Bodegraven;Zuidzijde;;;12;
2;NLD;Zuid Holland;Boskoop;;;;10;
3;NLD;Zuid Holland;Boskoop;Boskoop;;;12;
2;NLD;Zuid Holland;Brielle;;;;10;
3;NLD;Zuid Holland;Brielle;Brielle;;;12;
3;NLD;Zuid Holland;Brielle;Vierpolders;;;12;
3;NLD;Zuid Holland;Brielle;Zwartewaal;;;12;
2;NLD;Zuid Holland;Capelle aan den IJssel;;;;10;
3;NLD;Zuid Holland;Capelle aan den IJssel;Capelle aan den IJssel;;;12;
2;NLD;Zuid Holland;Cromstrijen;;;;10;
3;NLD;Zuid Holland;Cromstrijen;Klaaswaal;;;12;
3;NLD;Zuid Holland;Cromstrijen;Numansdorp;;;12;
2;NLD;Zuid Holland;Delft;;;;10;
3;NLD;Zuid Holland;Delft;Abtswoude;;;12;
3;NLD;Zuid Holland;Delft;Delft;;;12;
2;NLD;Zuid Holland;Den Haag;;;;10;
3;NLD;Zuid Holland;Den Haag;'s-Gravenhage;;;12;
3;NLD;Zuid Holland;Den Haag;Den Haag;;;12;
3;NLD;Zuid Holland;Den Haag;Den Haag Centrum;;;12;
3;NLD;Zuid Holland;Den Haag;Escamp;;;12;
3;NLD;Zuid Holland;Den Haag;Haagse Hout;;;12;
3;NLD;Zuid Holland;Den Haag;Kijkduin;;;12;
3;NLD;Zuid Holland;Den Haag;Laak;;;12;
3;NLD;Zuid Holland;Den Haag;Loosduinen;;;12;
3;NLD;Zuid Holland;Den Haag;Scheveningen;;;12;
3;NLD;Zuid Holland;Den Haag;Segbroek;;;12;
3;NLD;Zuid Holland;Den Haag;Ypenburg;;;12;
2;NLD;Zuid Holland;Dirksland;;;;10;
3;NLD;Zuid Holland;Dirksland;Dirksland;;;12;
3;NLD;Zuid Holland;Dirksland;Herkingen;;;12;
3;NLD;Zuid Holland;Dirksland;Melissant;;;12;
2;NLD;Zuid Holland;Dordrecht;;;;10;
3;NLD;Zuid Holland;Dordrecht;Dordrecht;;;12;
3;NLD;Zuid Holland;Dordrecht;Dubbeldam;;;12;
3;NLD;Zuid Holland;Dordrecht;Wieldrecht;;;12;
3;NLD;Zuid Holland;Dordrecht;Willemsdorp;;;12;
2;NLD;Zuid Holland;Giessenlanden;;;;10;
3;NLD;Zuid Holland;Giessenlanden;Arkel;;;12;
3;NLD;Zuid Holland;Giessenlanden;Giessenburg;;;12;
3;NLD;Zuid Holland;Giessenlanden;Hoogblokland;;;12;
3;NLD;Zuid Holland;Giessenlanden;Hoornaar;;;12;
3;NLD;Zuid Holland;Giessenlanden;Noordeloos;;;12;
3;NLD;Zuid Holland;Giessenlanden;Schelluinen;;;12;
2;NLD;Zuid Holland;Goedereede;;;;10;
3;NLD;Zuid Holland;Goedereede;Goedereede;;;12;
3;NLD;Zuid Holland;Goedereede;Havenhoofd;;;12;
3;NLD;Zuid Holland;Goedereede;Oostdijk;;;12;
3;NLD;Zuid Holland;Goedereede;Ouddorp;;;12;
3;NLD;Zuid Holland;Goedereede;Stellendam;;;12;
2;NLD;Zuid Holland;Gorinchem;;;;10;
3;NLD;Zuid Holland;Gorinchem;Dalem;;;12;
3;NLD;Zuid Holland;Gorinchem;Gorinchem;;;12;
3;NLD;Zuid Holland;Gorinchem;Gorkum;;;12;
2;NLD;Zuid Holland;Gouda;;;;10;
3;NLD;Zuid Holland;Gouda;Gouda;E4.70597130983481;N52.0152714732863;12;
3;NLD;Zuid Holland;Gouda;Stolwijkersluis;;;12;
2;NLD;Zuid Holland;Graafstroom;;;;10;
3;NLD;Zuid Holland;Graafstroom;Bleskensgraaf;;;12;
3;NLD;Zuid Holland;Graafstroom;Bleskensgraaf en Hofwegen;;;12;
3;NLD;Zuid Holland;Graafstroom;Brandwijk;;;12;
3;NLD;Zuid Holland;Graafstroom;Goudriaan;;;12;
3;NLD;Zuid Holland;Graafstroom;Molenaarsgraaf;;;12;
3;NLD;Zuid Holland;Graafstroom;Ottoland;;;12;
3;NLD;Zuid Holland;Graafstroom;Oud-Alblas;;;12;
3;NLD;Zuid Holland;Graafstroom;Wijngaarden;;;12;
2;NLD;Zuid Holland;Hardinxveld-Giessendam;;;;10;
3;NLD;Zuid Holland;Hardinxveld-Giessendam;Boven Hardinxveld;;;12;
3;NLD;Zuid Holland;Hardinxveld-Giessendam;Boven-Hardinxveld;;;12;
3;NLD;Zuid Holland;Hardinxveld-Giessendam;Giessendam;;;12;
3;NLD;Zuid Holland;Hardinxveld-Giessendam;Giessendam/Neder-Hardinxveld;;;12;
3;NLD;Zuid Holland;Hardinxveld-Giessendam;Hardinxveld-Giessendam;;;12;
2;NLD;Zuid Holland;Hellevoetsluis;;;;10;
3;NLD;Zuid Holland;Hellevoetsluis;Hellevoetsluis;;;12;
3;NLD;Zuid Holland;Hellevoetsluis;Nieuw-Helvoet;;;12;
3;NLD;Zuid Holland;Hellevoetsluis;Nieuwenhoorn;;;12;
2;NLD;Zuid Holland;Hendrik-Ido-Ambacht;;;;10;
3;NLD;Zuid Holland;Hendrik-Ido-Ambacht;Hendrik-Ido-Ambacht;;;12;
2;NLD;Zuid Holland;Hillegom;;;;10;
3;NLD;Zuid Holland;Hillegom;Hillegom;;;12;
2;NLD;Zuid Holland;Jacobswoude;;;;10;
3;NLD;Zuid Holland;Jacobswoude;Bilderdam;;;12;
3;NLD;Zuid Holland;Jacobswoude;Hoogmade;;;12;
3;NLD;Zuid Holland;Jacobswoude;Leimuiden;;;12;
3;NLD;Zuid Holland;Jacobswoude;Rijnsaterwoude;;;12;
3;NLD;Zuid Holland;Jacobswoude;Woubrugge;;;12;
2;NLD;Zuid Holland;Katwijk;;;;10;
3;NLD;Zuid Holland;Katwijk;Katwijk aan den Rijn;;;12;
3;NLD;Zuid Holland;Katwijk;Katwijk aan Zee;;;12;
3;NLD;Zuid Holland;Katwijk;Rijnsburg;;;12;
3;NLD;Zuid Holland;Katwijk;Valkenburg;;;12;
2;NLD;Zuid Holland;Korendijk;;;;10;
3;NLD;Zuid Holland;Korendijk;Goudswaard;;;12;
3;NLD;Zuid Holland;Korendijk;Nieuw-Beijerland;;;12;
3;NLD;Zuid Holland;Korendijk;Nieuwendijk;;;12;
3;NLD;Zuid Holland;Korendijk;Piershil;;;12;
3;NLD;Zuid Holland;Korendijk;Tiengemeten;;;12;
3;NLD;Zuid Holland;Korendijk;Zuid-Beijerland;;;12;
3;NLD;Zuid Holland;Korendijk;Zuidzijde;;;12;
2;NLD;Zuid Holland;Krimpen aan den IJssel;;;;10;
3;NLD;Zuid Holland;Krimpen aan den IJssel;Krimpen aan den IJssel;;;12;
2;NLD;Zuid Holland;Leerdam;;;;10;
3;NLD;Zuid Holland;Leerdam;Kedichem;;;12;
3;NLD;Zuid Holland;Leerdam;Leerdam;;;12;
3;NLD;Zuid Holland;Leerdam;Oosterwijk;;;12;
3;NLD;Zuid Holland;Leerdam;Schoonrewoerd;;;12;
2;NLD;Zuid Holland;Leiden;;;;10;
3;NLD;Zuid Holland;Leiden;Leiden;E4.477760195732117;N52.16645330812792;12;
2;NLD;Zuid Holland;Leiderdorp;;;;10;
3;NLD;Zuid Holland;Leiderdorp;Achthoven;;;12;
3;NLD;Zuid Holland;Leiderdorp;Leiderdorp;;;12;
2;NLD;Zuid Holland;Leidschendam-Voorburg;;;;10;
3;NLD;Zuid Holland;Leidschendam-Voorburg;Leidschendam;;;12;
3;NLD;Zuid Holland;Leidschendam-Voorburg;Stompwijk;;;12;
3;NLD;Zuid Holland;Leidschendam-Voorburg;Voorburg;;;12;
2;NLD;Zuid Holland;Liemeer;;;;10;
3;NLD;Zuid Holland;Liemeer;Nieuwveen;;;12;
3;NLD;Zuid Holland;Liemeer;Noorden;;;12;
3;NLD;Zuid Holland;Liemeer;Vrouwenakker;;;12;
3;NLD;Zuid Holland;Liemeer;Zevenhoven;;;12;
2;NLD;Zuid Holland;Liesveld;;;;10;
3;NLD;Zuid Holland;Liesveld;Groot-Ammers;;;12;
3;NLD;Zuid Holland;Liesveld;Langerak;;;12;
3;NLD;Zuid Holland;Liesveld;Nieuwpoort;;;12;
3;NLD;Zuid Holland;Liesveld;Streefkerk;;;12;
3;NLD;Zuid Holland;Liesveld;Waal;;;12;
2;NLD;Zuid Holland;Lisse;;;;10;
3;NLD;Zuid Holland;Lisse;De Engel;;;12;
3;NLD;Zuid Holland;Lisse;Lisse;E4.55252812192271;N52.2572377548231;12;
2;NLD;Zuid Holland;Maassluis;;;;10;
3;NLD;Zuid Holland;Maassluis;Maassluis;;;12;
2;NLD;Zuid Holland;Middelharnis;;;;10;
3;NLD;Zuid Holland;Middelharnis;Battenoord;;;12;
3;NLD;Zuid Holland;Middelharnis;Middelharnis;;;12;
3;NLD;Zuid Holland;Middelharnis;Nieuwe-Tonge;;;12;
3;NLD;Zuid Holland;Middelharnis;Sommelsdijk;;;12;
3;NLD;Zuid Holland;Middelharnis;Stad aan 't Haringvliet;;;12;
2;NLD;Zuid Holland;Midden-Delfland;;;;10;
3;NLD;Zuid Holland;Midden-Delfland;'t Woudt;;;12;
3;NLD;Zuid Holland;Midden-Delfland;Den Hoorn;;;12;
3;NLD;Zuid Holland;Midden-Delfland;Maasland;;;12;
3;NLD;Zuid Holland;Midden-Delfland;Schipluiden;;;12;
2;NLD;Zuid Holland;Moordrecht;;;;10;
3;NLD;Zuid Holland;Moordrecht;Moordrecht;;;12;
2;NLD;Zuid Holland;Nederlek;;;;10;
3;NLD;Zuid Holland;Nederlek;Krimpen aan de Lek;;;12;
3;NLD;Zuid Holland;Nederlek;Lekkerkerk;;;12;
2;NLD;Zuid Holland;Nieuw-Lekkerland;;;;10;
3;NLD;Zuid Holland;Nieuw-Lekkerland;Kinderdijk;;;12;
3;NLD;Zuid Holland;Nieuw-Lekkerland;Nieuw-Lekkerland;;;12;
2;NLD;Zuid Holland;Nieuwerkerk aan den IJssel;;;;10;
3;NLD;Zuid Holland;Nieuwerkerk aan den IJssel;Groot Hitland;;;12;
3;NLD;Zuid Holland;Nieuwerkerk aan den IJssel;Klein Hitland;;;12;
3;NLD;Zuid Holland;Nieuwerkerk aan den IJssel;Kortenoord;;;12;
3;NLD;Zuid Holland;Nieuwerkerk aan den IJssel;Nieuwerkerk aan den IJssel;;;12;
2;NLD;Zuid Holland;Nieuwkoop;;;;10;
3;NLD;Zuid Holland;Nieuwkoop;Achttienhoven;;;12;
3;NLD;Zuid Holland;Nieuwkoop;Nieuwkoop;;;12;
3;NLD;Zuid Holland;Nieuwkoop;Noorden;;;12;
3;NLD;Zuid Holland;Nieuwkoop;Woerdense Verlaat;;;12;
2;NLD;Zuid Holland;Noordwijk;;;;10;
3;NLD;Zuid Holland;Noordwijk;Noordwijk;;;12;
3;NLD;Zuid Holland;Noordwijk;Noordwijk aan Zee;;;12;
3;NLD;Zuid Holland;Noordwijk;Noordwijk-Binnen;;;12;
2;NLD;Zuid Holland;Noordwijkerhout;;;;10;
3;NLD;Zuid Holland;Noordwijkerhout;De Zilk;;;12;
3;NLD;Zuid Holland;Noordwijkerhout;Noordwijkerhout;;;12;
2;NLD;Zuid Holland;Oegstgeest;;;;10;
3;NLD;Zuid Holland;Oegstgeest;Oegstgeest;;;12;
2;NLD;Zuid Holland;Oostflakkee;;;;10;
3;NLD;Zuid Holland;Oostflakkee;Achthuizen;;;12;
3;NLD;Zuid Holland;Oostflakkee;De Langstraat;;;12;
3;NLD;Zuid Holland;Oostflakkee;Den Bommel;;;12;
3;NLD;Zuid Holland;Oostflakkee;Ooltgensplaat;;;12;
3;NLD;Zuid Holland;Oostflakkee;Oude-Tonge;;;12;
3;NLD;Zuid Holland;Oostflakkee;Zuidzijde;;;12;
2;NLD;Zuid Holland;Oud-Beijerland;;;;10;
3;NLD;Zuid Holland;Oud-Beijerland;Greup;;;12;
3;NLD;Zuid Holland;Oud-Beijerland;Oud-Beijerland;;;12;
3;NLD;Zuid Holland;Oud-Beijerland;Vuurbaken;;;12;
3;NLD;Zuid Holland;Oud-Beijerland;Zinkweg;;;12;
2;NLD;Zuid Holland;Ouderkerk;;;;10;
3;NLD;Zuid Holland;Ouderkerk;Gouderak;;;12;
3;NLD;Zuid Holland;Ouderkerk;Lageweg;;;12;
3;NLD;Zuid Holland;Ouderkerk;Ouderkerk aan den IJssel;;;12;
2;NLD;Zuid Holland;Papendrecht;;;;10;
3;NLD;Zuid Holland;Papendrecht;Matena;;;12;
3;NLD;Zuid Holland;Papendrecht;Oosteind;;;12;
3;NLD;Zuid Holland;Papendrecht;Papendrecht;;;12;
2;NLD;Zuid Holland;Pijnacker-Nootdorp;;;;10;
3;NLD;Zuid Holland;Pijnacker-Nootdorp;Delfgauw;;;12;
3;NLD;Zuid Holland;Pijnacker-Nootdorp;Nootdorp;;;12;
3;NLD;Zuid Holland;Pijnacker-Nootdorp;Oude Leede;;;12;
3;NLD;Zuid Holland;Pijnacker-Nootdorp;Pijnacker;;;12;
2;NLD;Zuid Holland;Reeuwijk;;;;10;
3;NLD;Zuid Holland;Reeuwijk;Driebruggen;;;12;
3;NLD;Zuid Holland;Reeuwijk;Hogebrug;;;12;
3;NLD;Zuid Holland;Reeuwijk;Middelburg;;;12;
3;NLD;Zuid Holland;Reeuwijk;Reeuwijk;;;12;
3;NLD;Zuid Holland;Reeuwijk;Reeuwijk-Brug;;;12;
3;NLD;Zuid Holland;Reeuwijk;Reeuwijk-Dorp;;;12;
3;NLD;Zuid Holland;Reeuwijk;Sluipwijk;;;12;
3;NLD;Zuid Holland;Reeuwijk;Tempel;;;12;
3;NLD;Zuid Holland;Reeuwijk;Waarder;;;12;
2;NLD;Zuid Holland;Ridderkerk;;;;10;
3;NLD;Zuid Holland;Ridderkerk;Bolnes;;;12;
3;NLD;Zuid Holland;Ridderkerk;Oostendam;;;12;
3;NLD;Zuid Holland;Ridderkerk;Ridderkerk;;;12;
3;NLD;Zuid Holland;Ridderkerk;Rijsoord;;;12;
3;NLD;Zuid Holland;Ridderkerk;Slikkerveer;;;12;
2;NLD;Zuid Holland;Rijnwoude;;;;10;
3;NLD;Zuid Holland;Rijnwoude;Benthuizen;;;12;
3;NLD;Zuid Holland;Rijnwoude;Hazerswoude-Dorp;;;12;
3;NLD;Zuid Holland;Rijnwoude;Hazerswoude-Rijndijk;;;12;
3;NLD;Zuid Holland;Rijnwoude;Koudekerk aan den Rijn;;;12;
3;NLD;Zuid Holland;Rijnwoude;Rijneveld;;;12;
2;NLD;Zuid Holland;Rijswijk;;;;10;
3;NLD;Zuid Holland;Rijswijk;'t Haantje;;;12;
3;NLD;Zuid Holland;Rijswijk;Rijswijk;;;12;
3;NLD;Zuid Holland;Rijswijk;Sion;;;12;
2;NLD;Zuid Holland;Rotterdam;;;;10;
3;NLD;Zuid Holland;Rotterdam;Blijdorp;;;12;
3;NLD;Zuid Holland;Rotterdam;Botlek;;;12;
3;NLD;Zuid Holland;Rotterdam;Charlois;;;12;
3;NLD;Zuid Holland;Rotterdam;Delfshaven;;;12;
3;NLD;Zuid Holland;Rotterdam;Europoort;;;12;
3;NLD;Zuid Holland;Rotterdam;Feijenoord;;;12;
3;NLD;Zuid Holland;Rotterdam;Hillegersberg-Schiebroek;;;12;
3;NLD;Zuid Holland;Rotterdam;Hoek van Holland;;;12;
3;NLD;Zuid Holland;Rotterdam;Hoogvliet;;;12;
3;NLD;Zuid Holland;Rotterdam;IJsselmonde;;;12;
3;NLD;Zuid Holland;Rotterdam;Kralingen-Crooswijk;;;12;
3;NLD;Zuid Holland;Rotterdam;Maasvlakte;;;12;
3;NLD;Zuid Holland;Rotterdam;Noord;;;12;
3;NLD;Zuid Holland;Rotterdam;Overschie;;;12;
3;NLD;Zuid Holland;Rotterdam;Pernis;;;12;
3;NLD;Zuid Holland;Rotterdam;Prins Alexander;;;12;
3;NLD;Zuid Holland;Rotterdam;Rotterdam;;;12;
3;NLD;Zuid Holland;Rotterdam;Vondelingenplaat;;;12;
2;NLD;Zuid Holland;Rozenburg;;;;10;
3;NLD;Zuid Holland;Rozenburg;Rozenburg;;;12;
2;NLD;Zuid Holland;Schiedam;;;;10;
3;NLD;Zuid Holland;Schiedam;Kerkbuurt;;;12;
3;NLD;Zuid Holland;Schiedam;Kethel;;;12;
3;NLD;Zuid Holland;Schiedam;Schiedam;;;12;
2;NLD;Zuid Holland;Schoonhoven;;;;10;
3;NLD;Zuid Holland;Schoonhoven;Schoonhoven;;;12;
2;NLD;Zuid Holland;Sliedrecht;;;;10;
3;NLD;Zuid Holland;Sliedrecht;Sliedrecht;;;12;
2;NLD;Zuid Holland;Spijkenisse;;;;10;
3;NLD;Zuid Holland;Spijkenisse;Hekelingen;;;12;
3;NLD;Zuid Holland;Spijkenisse;Spijkenisse;;;12;
2;NLD;Zuid Holland;Strijen;;;;10;
3;NLD;Zuid Holland;Strijen;Cillaarshoek;;;12;
3;NLD;Zuid Holland;Strijen;De Klem;;;12;
3;NLD;Zuid Holland;Strijen;Mookhoek;;;12;
3;NLD;Zuid Holland;Strijen;Oudendijk;;;12;
3;NLD;Zuid Holland;Strijen;Strijen;E4.5533012139594;N51.7401719440857;12;
3;NLD;Zuid Holland;Strijen;Strijensas;;;12;
2;NLD;Zuid Holland;Ter Aar;;;;10;
3;NLD;Zuid Holland;Ter Aar;Aardam;;;12;
3;NLD;Zuid Holland;Ter Aar;Korteraar;;;12;
3;NLD;Zuid Holland;Ter Aar;Langeraar;;;12;
3;NLD;Zuid Holland;Ter Aar;Papenveer;;;12;
3;NLD;Zuid Holland;Ter Aar;Ter Aar;;;12;
2;NLD;Zuid Holland;Teylingen;;;;10;
3;NLD;Zuid Holland;Teylingen;Piet Gijzenbrug;;;12;
3;NLD;Zuid Holland;Teylingen;Sassenheim;;;12;
3;NLD;Zuid Holland;Teylingen;Teijlingen;;;12;
3;NLD;Zuid Holland;Teylingen;Voorhout;;;12;
3;NLD;Zuid Holland;Teylingen;Warmond;;;12;
2;NLD;Zuid Holland;Vlaardingen;;;;10;
3;NLD;Zuid Holland;Vlaardingen;Vlaardingen;;;12;
2;NLD;Zuid Holland;Vlist;;;;10;
3;NLD;Zuid Holland;Vlist;Bonrepas;;;12;
3;NLD;Zuid Holland;Vlist;Haastrecht;;;12;
3;NLD;Zuid Holland;Vlist;Stolwijk;;;12;
3;NLD;Zuid Holland;Vlist;Vlist;;;12;
2;NLD;Zuid Holland;Voorschoten;;;;10;
3;NLD;Zuid Holland;Voorschoten;Voorschoten;;;12;
2;NLD;Zuid Holland;Waddinxveen;;;;10;
3;NLD;Zuid Holland;Waddinxveen;Bloemendaal;;;12;
3;NLD;Zuid Holland;Waddinxveen;Waddinxveen;E4.6408484443065;N52.0423360978724;12;
2;NLD;Zuid Holland;Wassenaar;;;;10;
3;NLD;Zuid Holland;Wassenaar;Wassenaar;;;12;
2;NLD;Zuid Holland;Westland;;;;10;
3;NLD;Zuid Holland;Westland;'s-Gravenzande;;;12;
3;NLD;Zuid Holland;Westland;De Lier;;;12;
3;NLD;Zuid Holland;Westland;Heenweg;;;12;
3;NLD;Zuid Holland;Westland;Honselersdijk;;;12;
3;NLD;Zuid Holland;Westland;Kwintsheul;;;12;
3;NLD;Zuid Holland;Westland;Maasdijk;;;12;
3;NLD;Zuid Holland;Westland;Monster;;;12;
3;NLD;Zuid Holland;Westland;Naaldwijk;;;12;
3;NLD;Zuid Holland;Westland;Poeldijk;;;12;
3;NLD;Zuid Holland;Westland;Ter Heijde;;;12;
3;NLD;Zuid Holland;Westland;Wateringen;;;12;
2;NLD;Zuid Holland;Westvoorne;;;;10;
3;NLD;Zuid Holland;Westvoorne;Oostvoorne;;;12;
3;NLD;Zuid Holland;Westvoorne;Rockanje;;;12;
3;NLD;Zuid Holland;Westvoorne;Tinte;;;12;
2;NLD;Zuid Holland;Zederik;;;;10;
3;NLD;Zuid Holland;Zederik;Ameide;;;12;
3;NLD;Zuid Holland;Zederik;Hei- en Boeicop;;;12;
3;NLD;Zuid Holland;Zederik;Leerbroek;;;12;
3;NLD;Zuid Holland;Zederik;Lexmond;;;12;
3;NLD;Zuid Holland;Zederik;Meerkerk;;;12;
3;NLD;Zuid Holland;Zederik;Nieuwland;;;12;
3;NLD;Zuid Holland;Zederik;Tienhoven;;;12;
2;NLD;Zuid Holland;Zevenhuizen-Moerkapelle;;;;10;
3;NLD;Zuid Holland;Zevenhuizen-Moerkapelle;Moerhuizen;;;12;
3;NLD;Zuid Holland;Zevenhuizen-Moerkapelle;Moerkapelle;;;12;
3;NLD;Zuid Holland;Zevenhuizen-Moerkapelle;Oud Verlaat;;;12;
3;NLD;Zuid Holland;Zevenhuizen-Moerkapelle;Zevenhuizen;;;12;
2;NLD;Zuid Holland;Zoetermeer;;;;10;
3;NLD;Zuid Holland;Zoetermeer;Zoetermeer;;;12;
2;NLD;Zuid Holland;Zoeterwoude;;;;10;
3;NLD;Zuid Holland;Zoeterwoude;Gelderswoude;;;12;
3;NLD;Zuid Holland;Zoeterwoude;Weipoort;;;12;
3;NLD;Zuid Holland;Zoeterwoude;Westeinde;;;12;
3;NLD;Zuid Holland;Zoeterwoude;Zoeterwoude;;;12;
3;NLD;Zuid Holland;Zoeterwoude;Zoeterwoude-Dorp;;;12;
3;NLD;Zuid Holland;Zoeterwoude;Zoeterwoude-Rijndijk;;;12;
3;NLD;Zuid Holland;Zoeterwoude;Zuidbuurt;;;12;
2;NLD;Zuid Holland;Zwijndrecht;;;;10;
3;NLD;Zuid Holland;Zwijndrecht;Heerjansdam;;;12;
3;NLD;Zuid Holland;Zwijndrecht;Kleine-Lindt;;;12;
3;NLD;Zuid Holland;Zwijndrecht;Zwijndrecht;;;12;
